CreateDynamicObject(10767, 346.13770, 2500.98052, 1.07850,   0.00000, 0.00000, 315.24850);
CreateDynamicObject(10767, 180.46089, 2500.06030, 1.08254,   0.00000, 0.00000, 315.24850);
CreateDynamicObject(10767, 11.74727, 2499.35010, 1.06931,   0.00000, 0.00000, 315.24850);
CreateDynamicObject(16771, -93.68081, 2498.43408, 22.33696,   0.00000, 0.00000, 270.36066);
CreateDynamicObject(18259, 213.27507, 2539.85522, 16.95161,   0.00000, 0.00000, 88.04622);
CreateDynamicObject(18254, 183.57098, 2547.89795, 24.92369,   0.00000, 0.00000, -90.00000);
CreateDynamicObject(18850, 12.51739, 2542.69946, 3.41481,   0.00000, 0.00000, 269.94986);
CreateDynamicObject(18850, -22.10945, 2541.76221, 3.61481,   0.00000, 0.00000, 269.94986);
CreateDynamicObject(3458, 140.16711, 2528.10596, 17.42887,   0.00000, 0.00000, 0.00000);
CreateDynamicObject(3458, 140.05719, 2563.19775, 16.83818,   0.00000, 0.00000, 180.95099);
CreateDynamicObject(982, 148.36894, 2526.05933, 16.40046,   0.00000, 0.00000, 270.19550);
CreateDynamicObject(982, 161.15636, 2538.93237, 16.39805,   0.00000, 0.00000, 0.00000);
CreateDynamicObject(982, 130.95273, 2526.01367, 16.40046,   0.00000, 0.00000, 270.19550);
CreateDynamicObject(982, 106.52103, 2539.23071, 16.39805,   0.00000, 0.00000, 0.00000);
CreateDynamicObject(982, 106.54430, 2552.04565, 16.39805,   0.00000, 0.00000, 0.00000);
CreateDynamicObject(8210, 430.86804, 2502.96899, 18.48758,   0.00000, 0.00000, 90.43040);
CreateDynamicObject(8210, 430.69623, 2530.13550, 18.48758,   0.00000, 0.00000, 90.43040);
CreateDynamicObject(3749, 427.82474, 2563.58813, 20.56573,   0.00000, 0.00000, -69.00000);
CreateDynamicObject(8210, 396.31583, 2568.09814, 18.48760,   0.00000, 0.00000, 180.54134);
CreateDynamicObject(8210, 340.93134, 2567.57080, 18.48760,   0.00000, 0.00000, 180.54134);
CreateDynamicObject(8210, 286.03497, 2567.06177, 18.48760,   0.00000, 0.00000, 180.54134);
CreateDynamicObject(8210, 230.68732, 2566.50928, 18.48760,   0.00000, 0.00000, 180.54134);
CreateDynamicObject(8210, 175.31238, 2565.93091, 18.48760,   0.00000, 0.00000, 180.54134);
CreateDynamicObject(8210, 119.71043, 2565.39600, 18.48760,   0.00000, 0.00000, 180.54134);
CreateDynamicObject(8210, 64.41602, 2564.86670, 18.48760,   0.00000, 0.00000, 180.54134);
CreateDynamicObject(8210, 8.91413, 2564.34204, 18.48760,   0.00000, 0.00000, 180.54134);
CreateDynamicObject(8210, -46.47160, 2563.80762, 18.48760,   0.00000, 0.00000, 180.54134);
CreateDynamicObject(3749, -73.34239, 2555.71338, 21.55840,   0.00000, 0.00000, 266.80179);
CreateDynamicObject(987, -72.76059, 2525.05420, 15.47120,   0.00000, 0.00000, 90.00000);
CreateDynamicObject(987, -72.70605, 2536.99316, 15.47120,   0.00000, 0.00000, 89.52000);
CreateDynamicObject(8210, -44.18974, 2471.95923, 18.48760,   0.00000, 0.00000, 180.31219);
CreateDynamicObject(8210, 66.86602, 2472.38208, 18.48760,   0.00000, 0.00000, 180.20100);
CreateDynamicObject(8210, 122.48261, 2472.58496, 18.48760,   0.00000, 0.00000, 180.20100);
CreateDynamicObject(8210, 11.39307, 2472.22241, 18.48760,   0.00000, 0.00000, 180.31219);
CreateDynamicObject(8210, 177.82684, 2472.75269, 18.48760,   0.00000, 0.00000, 180.20100);
CreateDynamicObject(8210, 233.13153, 2472.95264, 18.48760,   0.00000, 0.00000, 180.20100);
CreateDynamicObject(8210, 288.24884, 2473.11060, 18.48760,   0.00000, 0.00000, 180.20100);
CreateDynamicObject(8210, 334.38730, 2473.36670, 18.48760,   0.00000, 0.00000, 180.20100);
CreateDynamicObject(3749, 368.71280, 2473.94653, 21.40714,   0.00000, 0.00000, 0.00000);
CreateDynamicObject(1829, 206.89175, 2543.84204, 17.58007,   0.00000, 0.00000, 0.00000);
CreateDynamicObject(16098, 70.49516, 2542.69116, 20.26390,   0.00000, 0.00000, 270.32639);