CreateDynamicObject(987, 2406.047607, 1722.885864, 9.752299, 0.000000, 0.000000, 0.000000); 
CreateDynamicObject(987, 2417.968017, 1722.885864, 9.752299, 0.000000, 0.000000, 90.000000); 
CreateDynamicObject(987, 2417.968017, 1734.827392, 9.752299, 0.000000, 0.000000, 90.000000); 
CreateDynamicObject(987, 2417.947998, 1746.017211, 9.752299, 0.000000, 0.000000, 90.000000); 
CreateDynamicObject(987, 2417.958007, 1752.018798, 9.752299, 0.000000, 0.000000, 810.000000); 
CreateDynamicObject(987, 2417.958007, 1763.910156, 9.752299, 0.000000, 0.000000, 900.000000); 
CreateDynamicObject(987, 2406.006835, 1763.910156, 9.752299, 0.000000, 0.000000, 900.000000); 
CreateDynamicObject(987, 2394.038574, 1763.910156, 9.752299, 0.000000, 0.000000, 900.000000); 
CreateDynamicObject(987, 2382.080322, 1763.910156, 9.752299, 0.000000, 0.000000, 900.000000); 
CreateDynamicObject(987, 2370.118408, 1763.910156, 9.752299, 0.000000, 0.000000, 900.000000); 
CreateDynamicObject(987, 2358.185791, 1763.910156, 9.752299, 0.000000, 0.000000, 900.000000); 
CreateDynamicObject(987, 2349.185791, 1763.900146, 9.752299, 0.000000, 0.000000, 900.000000); 
CreateDynamicObject(987, 2337.272705, 1764.020263, 9.752299, 0.000000, 0.000000, 990.000000); 
CreateDynamicObject(987, 2337.272705, 1752.049194, 9.752299, 0.000000, 0.000000, 990.000000); 
CreateDynamicObject(987, 2337.262695, 1740.779785, 9.752299, 0.000000, 0.000000, 990.000000); 
CreateDynamicObject(987, 2397.060302, 1722.895874, 9.752299, 0.000000, 0.000000, 0.000000); 
CreateDynamicObject(987, 2370.138916, 1722.895874, 9.752299, 0.000000, 0.000000, 0.000000); 
CreateDynamicObject(987, 2358.207519, 1722.895874, 9.752299, 0.000000, 0.000000, 0.000000); 
CreateDynamicObject(987, 2346.286621, 1722.905883, 9.752299, 0.000000, 0.000000, 0.000000); 
CreateDynamicObject(987, 2337.313232, 1722.895874, 9.752299, 0.000000, 0.000000, 0.000000); 
CreateDynamicObject(987, 2337.272705, 1734.807006, 9.752299, 0.000000, 0.000000, 990.000000); 
CreateDynamicObject(19543, 2368.478515, 1740.801879, 9.818688, 0.000000, 0.000000, 90.000000); 
CreateDynamicObject(19543, 2368.478515, 1725.811767, 9.818688, 0.000000, 0.000000, 90.000000); 
CreateDynamicObject(19543, 2386.354003, 1730.631347, 9.838688, 0.000000, 0.000000, 90.000000); 
CreateDynamicObject(19543, 2386.354003, 1745.631347, 9.838688, 0.000000, 0.000000, 90.000000); 
CreateDynamicObject(8535, 2379.053222, 1748.022338, 16.066328, 0.000000, 0.000000, 90.000000); 
CreateDynamicObject(3458, 2340.735595, 1743.370361, 11.000909, 0.000000, 0.000000, 270.000000); 
CreateDynamicObject(19543, 2386.354003, 1755.919189, 9.798687, 0.000000, 0.000000, 90.000000); 
CreateDynamicObject(19543, 2368.478515, 1755.792602, 9.818688, 0.000000, 0.000000, 90.000000); 
CreateDynamicObject(3749, 2390.487548, 1721.844604, 15.159549, 0.000000, 0.000000, 0.000000);