CreateDynamicObject(972,637.2999900,-605.2999900,15.3000000,0.0000000,0.0000000,20.2500000); //object(tunnelentrance) (1)
CreateDynamicObject(5422,642.0000000,-613.7000100,18.8000000,0.0000000,0.0000000,270.0000000); //object(laespraydoor1) (1)
CreateDynamicObject(5422,637.9000200,-613.7000100,18.8000000,0.0000000,0.0000000,270.0000000); //object(laespraydoor1) (2)
CreateDynamicObject(5422,633.7999900,-613.7000100,18.8000000,0.0000000,0.0000000,270.0000000); //object(laespraydoor1) (3)
CreateDynamicObject(5422,629.7999900,-613.7000100,18.8000000,0.0000000,0.0000000,270.0000000); //object(laespraydoor1) (4)
CreateDynamicObject(5422,625.7999900,-613.7000100,18.8000000,0.0000000,0.0000000,270.0000000); //object(laespraydoor1) (6)
CreateDynamicObject(5422,621.7000100,-613.7000100,18.8000000,0.0000000,0.0000000,270.0000000); //object(laespraydoor1) (7)
CreateDynamicObject(5422,620.0999800,-613.7000100,18.8000000,0.0000000,0.0000000,270.0000000); //object(laespraydoor1) (8)
CreateDynamicObject(5422,607.2999900,-585.0999800,18.8000000,0.0000000,0.0000000,180.0000000); //object(laespraydoor1) (9)
CreateDynamicObject(5422,607.2999900,-589.2000100,18.8000000,0.0000000,0.0000000,179.9950000); //object(laespraydoor1) (10)
CreateDynamicObject(5422,607.2999900,-592.5000000,18.8000000,0.0000000,0.0000000,179.9950000); //object(laespraydoor1) (11)