CreateDynamicObject(2649, -1112.558959, -1285.403076, 131.515853, 0.000000, 90.000000, 180.000000);
CreateDynamicObject(925, -1106.311157, -1283.702270, 129.235000, 0.000000, 0.000000, -90.000000);
CreateDynamicObject(12913, -1118.808837, -1276.533325, 128.222610, 0.000000, 0.000000, 0.000000);
CreateDynamicObject(12913, -1118.808837, -1284.753417, 128.222595, 0.000000, 0.000000, 0.000000);
CreateDynamicObject(920, -1106.217651, -1265.288696, 128.680297, 0.000000, 0.000000, 180.000000);
CreateDynamicObject(927, -1107.510253, -1288.522094, 129.599792, 0.000000, 0.000000, 0.000000);
CreateDynamicObject(1617, -1105.047485, -1277.151611, 132.662734, 0.000000, 0.000000, 180.000000);
CreateDynamicObject(943, -1117.529052, -1270.804199, 128.696151, 90.000000, 0.000000, 90.000000);
CreateDynamicObject(1687, -1113.406372, -1263.652709, 134.156402, 0.000000, 0.000000, 0.000000);
CreateDynamicObject(925, -1106.311157, -1283.702270, 131.317703, 0.000000, 0.000000, -90.000000);
CreateDynamicObject(934, -1118.805419, -1270.494262, 129.464401, 0.000000, 0.000000, 0.000000);
CreateDynamicObject(943, -1117.498901, -1268.939819, 128.954406, 0.000000, 0.000000, 180.000000);
CreateDynamicObject(19903, -1121.138549, -1284.647583, 128.208435, 0.000000, 0.000000, 0.000000);
CreateDynamicObject(19903, -1121.171264, -1280.595703, 128.208435, 0.000000, 0.000000, 0.000000);
CreateDynamicObject(19903, -1121.152709, -1276.472778, 128.208435, 0.000000, 0.000000, 0.000000);
CreateDynamicObject(2983, -1118.803222, -1280.558471, 131.513900, 90.000000, 0.000000, 90.000000);
CreateDynamicObject(2063, -1105.753662, -1277.259277, 129.105941, 0.000000, 0.000000, -90.000000);
CreateDynamicObject(2063, -1105.753662, -1277.259277, 130.797622, 0.000000, 0.000000, -90.000000);
CreateDynamicObject(2063, -1105.753662, -1270.778930, 129.105895, 0.000000, 0.000000, -90.000000);
CreateDynamicObject(2063, -1105.753662, -1270.778930, 130.797607, 0.000000, 0.000000, -90.000000);
CreateDynamicObject(14699, -1106.435058, -1271.980712, 131.517837, 0.000000, 0.000000, 0.000000);
CreateDynamicObject(14699, -1106.435058, -1275.980712, 131.517807, 0.000000, 0.000000, 0.000000);
CreateDynamicObject(14699, -1106.435058, -1279.980712, 131.517807, 0.000000, 0.000000, 0.000000);
CreateDynamicObject(14699, -1106.435058, -1283.980712, 131.517807, 0.000000, 0.000000, 0.000000);
CreateDynamicObject(14699, -1106.435058, -1287.980712, 131.517807, 0.000000, 0.000000, 0.000000);
CreateDynamicObject(19570, -1105.911010, -1278.202758, 128.554748, 0.000000, 0.000000, 0.000000);
CreateDynamicObject(19570, -1105.656738, -1277.636474, 128.554748, 0.000000, 0.000000, 0.000000);
CreateDynamicObject(1951, -1105.926147, -1276.417358, 128.734603, 0.000000, 0.000000, 0.000000);
CreateDynamicObject(19570, -1105.737915, -1276.970336, 128.554748, 0.000000, 0.000000, 0.000000);
CreateDynamicObject(1950, -1105.942993, -1277.379028, 128.734603, 0.000000, 0.000000, -0.479999);
CreateDynamicObject(19570, -1105.944824, -1277.439086, 129.474243, 0.000000, 0.000000, -0.479999);
CreateDynamicObject(19570, -1105.812133, -1278.283935, 129.474243, 0.000000, 0.000000, -0.479999);
CreateDynamicObject(19570, -1105.827270, -1276.281250, 129.474243, 0.000000, 0.000000, -0.479999);
CreateDynamicObject(1580, -1105.748168, -1271.684814, 128.515106, 0.000000, 0.000000, 15.960000);
CreateDynamicObject(1577, -1105.748168, -1270.684814, 128.515106, 0.000000, 0.000000, -35.400001);
CreateDynamicObject(1575, -1105.796752, -1269.985717, 128.515106, 0.000000, 0.000000, -67.080001);
CreateDynamicObject(1576, -1105.765380, -1271.461791, 128.992599, 0.000000, 0.000000, -37.619998);
CreateDynamicObject(1578, -1105.775878, -1269.992675, 128.992599, 0.000000, 0.000000, 0.419999);
CreateDynamicObject(1579, -1105.831420, -1269.946655, 129.450302, 0.000000, 0.000000, -83.699996);
CreateDynamicObject(1580, -1105.821655, -1270.832519, 129.450302, 0.000000, 0.000000, -74.639999);
CreateDynamicObject(1579, -1105.772338, -1271.412231, 129.882995, 0.000000, 0.000000, -180.000000);
CreateDynamicObject(1578, -1105.830932, -1269.915161, 129.882995, 0.000000, 0.000000, -271.740112);
CreateDynamicObject(1575, -1105.795776, -1270.735839, 129.882965, 0.000000, 0.000000, -222.600143);
CreateDynamicObject(19570, -1105.872924, -1276.391479, 129.033493, 0.000000, 0.000000, -0.479999);
CreateDynamicObject(19570, -1105.730468, -1276.982299, 129.033493, 0.000000, 0.000000, -0.479999);
CreateDynamicObject(1951, -1105.799316, -1277.709106, 129.212997, 0.000000, 0.000000, -12.360010);
CreateDynamicObject(19570, -1105.798828, -1278.269897, 129.033493, 0.000000, 0.000000, -0.479999);
CreateDynamicObject(14600, -1120.697998, -1261.440185, 129.685119, 0.000000, 0.000000, 177.060104);
CreateDynamicObject(1688, -1113.406372, -1259.528442, 134.351104, 0.000000, 0.000000, 0.000000);
CreateDynamicObject(1690, -1113.406372, -1285.356689, 133.852905, 0.000000, 0.000000, -90.000000);
CreateDynamicObject(1617, -1105.050048, -1283.613159, 132.662734, 0.000000, 0.000000, 180.000000);
CreateDynamicObject(1616, -1104.545898, -1256.973388, 133.040405, 0.000000, 0.000000, 180.000000);
CreateDynamicObject(335, -1109.732543, -1277.478881, 129.158721, 90.000000, 90.000000, 37.740020);
CreateDynamicObject(1008, -1118.482910, -1274.522460, 130.889099, 0.000000, 90.000000, 0.000000);
CreateDynamicObject(1008, -1118.482910, -1278.631958, 130.889099, 0.000000, 90.000000, 0.000000);
CreateDynamicObject(1008, -1118.482910, -1282.696289, 130.889099, 0.000000, 90.000000, 0.000000);
CreateDynamicObject(1008, -1118.482910, -1286.803955, 130.889099, 0.000000, 90.000000, 0.000000);
CreateDynamicObject(1611, -1109.614135, -1277.135009, 129.091003, 0.000000, 0.000000, 0.000000);
CreateDynamicObject(1950, -1105.815795, -1276.840454, 129.628265, 0.000000, 0.000000, 6.719998);
CreateDynamicObject(1611, -1109.759277, -1276.435180, 129.091003, 0.000000, 0.000000, -45.119998);
CreateDynamicObject(1611, -1109.706542, -1275.514160, 129.091003, 0.000000, 0.000000, -69.900016);
CreateDynamicObject(1611, -1109.481323, -1276.212524, 129.091003, 0.000000, 0.000000, 4.739990);
CreateDynamicObject(1575, -1109.482055, -1272.589477, 129.119934, 0.000000, 0.000000, -9.539999);
CreateDynamicObject(1575, -1109.411010, -1271.977172, 129.119934, 0.000000, 0.000000, 9.479998);
CreateDynamicObject(1575, -1109.457519, -1271.428955, 129.119934, 0.000000, 0.000000, 0.000000);
CreateDynamicObject(1575, -1109.320556, -1270.826782, 129.119934, 0.000000, 0.000000, -99.059997);
CreateDynamicObject(2971, -1106.462280, -1273.938964, 128.242935, 0.000000, 0.000000, 0.000000);
CreateDynamicObject(14699, -1116.255126, -1271.980712, 131.517837, 0.000000, 0.000007, 0.000000);
CreateDynamicObject(14699, -1116.255126, -1275.980712, 131.517807, 0.000000, 0.000007, 0.000000);
CreateDynamicObject(1221, -1109.440307, -1269.206298, 129.622970, 0.000000, 0.000000, 0.000000);
CreateDynamicObject(1575, -1109.435668, -1270.235717, 129.119934, 0.000000, 0.000000, 0.059999);
CreateDynamicObject(335, -1109.118408, -1275.343872, 129.158721, 90.000000, 90.000000, 205.920089);
CreateDynamicObject(923, -1106.076782, -1267.644287, 129.019058, 0.000000, 0.000000, -90.959999);
CreateDynamicObject(926, -1110.843017, -1278.249145, 128.479309, 0.000000, 0.000000, -90.959999);
CreateDynamicObject(926, -1108.180419, -1278.401977, 128.479309, 0.000000, 0.000000, -130.740005);
CreateDynamicObject(2008, -1106.379394, -1287.999511, 128.221115, 0.000000, 0.000000, 180.000000);
CreateDynamicObject(927, -1106.230957, -1288.527099, 129.040893, 0.000000, 0.000000, 0.000000);
CreateDynamicObject(927, -1107.494262, -1288.535156, 130.684997, 0.000000, 0.000000, 0.000000);
CreateDynamicObject(2007, -1105.987548, -1286.100585, 128.230194, 0.000000, 0.000000, -90.000000);
CreateDynamicObject(2356, -1107.068969, -1287.486938, 128.205154, 0.000000, 0.000000, 137.099975);
CreateDynamicObject(1665, -1106.591796, -1288.096191, 129.046264, 0.000000, 0.000000, 44.159999);
CreateDynamicObject(14699, -1105.378662, -1259.615356, 131.517807, 0.000000, 0.000000, 90.000000);
CreateDynamicObject(14699, -1109.378662, -1259.615356, 131.517807, 0.000000, 0.000000, 90.000000);
CreateDynamicObject(14699, -1113.378662, -1259.615356, 131.517807, 0.000000, 0.000000, 90.000000);
CreateDynamicObject(1776, -1114.379882, -1283.914550, 129.332092, 0.000000, 0.000000, 90.000000);
CreateDynamicObject(1775, -1114.396118, -1285.383422, 129.332077, 0.000000, 0.000000, 90.000000);
CreateDynamicObject(19825, -1109.481079, -1266.192260, 131.117904, 0.000000, 0.000000, 0.000000);
CreateDynamicObject(19825, -1109.305053, -1288.479248, 131.117904, 0.000000, 0.000000, 180.000000);
CreateDynamicObject(926, -1109.383300, -1278.340209, 129.419357, 0.000000, 0.000000, -27.040002);
CreateDynamicObject(923, -1116.585571, -1258.319946, 129.019058, 0.000000, 0.000000, -90.839996);
CreateDynamicObject(935, -1106.158325, -1258.372802, 128.797912, 0.000000, 0.000000, -133.260086);
CreateDynamicObject(935, -1106.787841, -1258.634155, 128.797912, 0.000000, 0.000000, -346.500152);
CreateDynamicObject(935, -1106.516967, -1258.512451, 129.949401, 0.000000, 0.000000, -346.500152);
CreateDynamicObject(14699, -1116.255126, -1279.980712, 131.517807, 0.000000, 0.000007, 0.000000);
CreateDynamicObject(14699, -1116.255126, -1283.980712, 131.517807, 0.000000, 0.000007, 0.000000);
CreateDynamicObject(14699, -1116.255126, -1287.980712, 131.517807, 0.000000, 0.000007, 0.000000);
CreateDynamicObject(2988, -1105.166748, -1258.577636, 128.218750, 0.000000, 0.000000, 125.599952);