CreateDynamicObject(9241,-653.2000100,960.4000200,12.1000000,0.0000000,0.0000000,0.0000000);
CreateDynamicObject(1980,-670.2999900,966.7000100,11.0000000,0.0000000,0.0000000,0.0000000);
CreateDynamicObject(1980,-670.2999900,966.7000100,14.3000000,0.0000000,0.0000000,0.0000000);
CreateDynamicObject(2049,-684.5999800,960.0000000,13.8000000,0.0000000,0.0000000,180.0000000);
CreateDynamicObject(2049,-679.7999900,960.0000000,13.8000000,0.0000000,0.0000000,179.9950000);
CreateDynamicObject(2049,-690.0999800,960.0000000,13.8000000,0.0000000,0.0000000,179.9950000);
CreateDynamicObject(2049,-674.4000200,960.0000000,13.8000000,0.0000000,0.0000000,179.9950000);
CreateDynamicObject(947,-704.4000200,935.9000200,13.5000000,0.0000000,0.0000000,177.7500000);
CreateDynamicObject(3111,-689.5000000,972.9000200,12.0110000,0.0000000,0.0000000,0.0000000);
CreateDynamicObject(2357,-689.4000200,972.7000100,11.6000000,0.0000000,0.0000000,0.0000000);
CreateDynamicObject(3017,-688.0000000,973.0999800,12.0200000,0.0000000,0.0000000,180.0000000);
CreateDynamicObject(1550,-687.7000100,972.4000200,12.4000000,0.0000000,0.0000000,0.0000000);
CreateDynamicObject(1550,-690.5999800,972.7000100,12.1000000,90.0000000,0.0000000,165.5000000);
CreateDynamicObject(1550,-691.0999800,972.9000200,12.1000000,90.0000000,0.0000000,207.9960000);
CreateDynamicObject(1550,-691.0999800,972.2999900,12.4000000,0.0000000,0.0000000,0.0000000);
CreateDynamicObject(2060,-680.0000000,972.9000200,11.3000000,0.0000000,0.0000000,50.0000000);
CreateDynamicObject(2060,-680.0000000,972.9000200,11.5000000,0.0000000,0.0000000,49.9990000);
CreateDynamicObject(2060,-680.0000000,972.9000200,11.7000000,0.0000000,0.0000000,49.9990000);
CreateDynamicObject(2060,-680.0000000,972.9000200,11.9000000,0.0000000,0.0000000,49.9990000);
CreateDynamicObject(2358,-681.0999800,972.5999800,11.2000000,0.0000000,0.0000000,180.0000000);
CreateDynamicObject(2358,-680.4000200,973.2000100,11.2000000,0.0000000,0.0000000,235.4950000);
CreateDynamicObject(2359,-681.4000200,973.2999900,11.3000000,0.0000000,0.0000000,142.2500000);
CreateDynamicObject(2629,-683.2999900,983.4000200,11.1000000,0.0000000,0.0000000,320.0000000);
CreateDynamicObject(2630,-681.2999900,982.0999800,11.1000000,0.0000000,0.0000000,177.7500000);
CreateDynamicObject(2630,-680.0999800,982.0000000,11.1000000,0.0000000,0.0000000,167.7480000);
CreateDynamicObject(2632,-680.2000100,984.2000100,11.2000000,0.0000000,0.0000000,340.0000000);