CreateDynamicObject(2921, 2926.48047, -1770.06104, 1196.85010,   0.00000, 353.99600, 179.24001);
CreateDynamicObject(14576, 2943.19995, -1789.80005, 1185.59998,   0.00000, 0.00000, 358.00000);
CreateDynamicObject(2634, 2948.39990, -1806.50000, 1187.19995,   0.00000, 0.00000, 88.00000);
CreateDynamicObject(2634, 2946.89990, -1804.50000, 1187.19995,   0.00000, 0.00000, 179.99500);
CreateDynamicObject(2886, 2940.69995, -1782.19995, 1179.09998,   0.00000, 0.00000, 358.49500);
CreateDynamicObject(3051, 2945.10010, -1804.59998, 1191.40002,   0.00000, 0.00000, 316.00000);
CreateDynamicObject(19619, 2943.77051, -1766.95471, 1177.86829,   0.00000, 0.00000, 719.76428);
CreateDynamicObject(19618, 2944.19141, -1766.73645, 1177.86829,   0.00000, 0.00000, 359.76431);
CreateDynamicObject(2886, 2941.24292, -1802.51978, 1178.90881,   0.00000, 0.00000, 0.00000);
CreateDynamicObject(2634, 2946.32495, -1804.55579, 1191.36365,   0.00000, 0.00000, -182.00000);
CreateDynamicObject(1550, 2940.94189, -1766.26318, 1177.77454,   0.00000, 0.00000, 176.00000);
CreateDynamicObject(1550, 2941.38184, -1766.29272, 1177.77454,   0.00000, 0.00000, 105.00000);
CreateDynamicObject(1550, 2941.79199, -1766.30762, 1177.77454,   0.00000, 0.00000, -40.00000);
CreateDynamicObject(1550, 2942.27490, -1766.30762, 1177.77454,   0.00000, 0.00000, 91.00000);
CreateDynamicObject(1550, 2942.69019, -1766.33887, 1177.77454,   0.00000, 0.00000, -40.00000);
CreateDynamicObject(1550, 2943.16772, -1766.33972, 1177.77454,   0.00000, 0.00000, 105.00000);
CreateDynamicObject(1550, 2943.58496, -1766.33521, 1177.77454,   0.00000, 0.00000, 176.00000);
CreateDynamicObject(1550, 2944.88110, -1766.44617, 1177.77454,   0.00000, 0.00000, 176.00000);
CreateDynamicObject(1550, 2945.28564, -1766.48254, 1177.77454,   0.00000, 0.00000, -40.00000);
CreateDynamicObject(1550, 2945.74170, -1766.50061, 1177.77454,   0.00000, 0.00000, -132.00000);
CreateDynamicObject(1550, 2946.21606, -1766.54810, 1177.77454,   0.00000, 0.00000, -287.00000);
CreateDynamicObject(1550, 2946.65649, -1766.48889, 1177.77454,   0.00000, 0.00000, 176.00000);
CreateDynamicObject(1550, 2947.06836, -1766.55835, 1177.77454,   0.00000, 0.00000, -40.00000);
CreateDynamicObject(1550, 2945.48120, -1766.83496, 1177.77454,   0.00000, 0.00000, -132.00000);
CreateDynamicObject(1550, 2946.00562, -1766.91919, 1177.77454,   0.00000, 0.00000, -287.00000);
CreateDynamicObject(1550, 2946.52563, -1766.89502, 1177.77454,   0.00000, 0.00000, -69.00000);
CreateDynamicObject(1550, 2947.08179, -1766.89221, 1177.77454,   0.00000, 0.00000, -207.00000);
CreateDynamicObject(1550, 2943.56909, -1766.71704, 1177.77454,   0.00000, 0.00000, -132.00000);
CreateDynamicObject(1550, 2942.62500, -1766.59900, 1177.77454,   0.00000, 0.00000, -132.00000);
CreateDynamicObject(1550, 2943.09814, -1766.67798, 1177.77454,   0.00000, 0.00000, -55.00000);
CreateDynamicObject(1550, 2941.06812, -1766.59900, 1177.77454,   0.00000, 0.00000, -84.00000);
CreateDynamicObject(1550, 2941.61816, -1766.59900, 1177.77454,   0.00000, 0.00000, -11.00000);
CreateDynamicObject(1550, 2942.15259, -1766.69592, 1177.77454,   0.00000, 0.00000, 149.00000);
CreateDynamicObject(1550, 2944.94214, -1766.78601, 1177.77454,   0.00000, 0.00000, -132.00000);