CreateDynamicObject(3268,1084.5999800,1266.8000500,9.7000000,0.0000000,0.0000000,0.0000000);
CreateDynamicObject(3268,1084.4000200,1299.5999800,9.7000000,0.0000000,0.0000000,0.0000000);
CreateDynamicObject(5822,1056.5000000,1300.5999800,14.3000000,0.0000000,0.0000000,274.0000000);
CreateDynamicObject(3386,1093.6999500,1288.0000000,9.8000000,0.0000000,0.0000000,0.0000000);
CreateDynamicObject(3387,1093.6999500,1289.0999800,9.8000000,0.0000000,0.0000000,0.0000000);
CreateDynamicObject(3388,1093.6999500,1290.1999500,9.8000000,0.0000000,0.0000000,0.0000000);
CreateDynamicObject(3397,1093.4000200,1292.5000000,9.8000000,0.0000000,0.0000000,0.0000000);
CreateDynamicObject(3787,1089.9000200,1253.0999800,10.4000000,0.0000000,0.0000000,0.0000000);
CreateDynamicObject(3787,1086.5000000,1253.0999800,10.4000000,0.0000000,0.0000000,0.0000000);
CreateDynamicObject(3795,1083.0000000,1253.0999800,10.2000000,0.0000000,0.0000000,0.0000000);
CreateDynamicObject(16641,1085.0999800,1301.5000000,11.6000000,0.0000000,0.0000000,90.0000000);
CreateDynamicObject(3268,1084.1999500,1332.5999800,9.7000000,0.0000000,0.0000000,0.0000000);
CreateDynamicObject(5838,1082.1999500,1214.1999500,27.4000000,0.0000000,0.0000000,0.0000000);
CreateDynamicObject(17007,1071.0999800,1231.3000500,9.4000000,0.0000000,0.0000000,0.0000000);
CreateDynamicObject(5837,1060.5999800,1385.6999500,11.4000000,0.0000000,0.0000000,180.0000000);
CreateDynamicObject(3499,1073.0000000,1357.0999800,9.9000000,0.0000000,0.0000000,0.0000000);
CreateDynamicObject(3499,1061.6999500,1357.0000000,9.9000000,0.0000000,0.0000000,0.0000000);
CreateDynamicObject(1716,1093.1999500,1293.0000000,9.8000000,0.0000000,0.0000000,0.0000000);
CreateDynamicObject(2185,1087.6999500,1285.3000500,9.8000000,0.0000000,0.0000000,0.0000000);
CreateDynamicObject(1806,1089.1999500,1286.4000200,9.8000000,0.0000000,0.0000000,136.0000000);