CreateDynamicObject(3050, 2121.78003, -2014.35999, 9.21000,   0.00000, 0.00000, 40.44000);
CreateDynamicObject(3050, 2125.93994, -2010.91003, 9.21000,   0.00000, 0.00000, -10.86000);
CreateDynamicObject(3050, 2129.48999, -2007.91003, 9.21000,   0.00000, 0.00000, 40.44000);
CreateDynamicObject(2047, 2127.66992, -2009.52002, 9.73000,   0.00000, 0.00000, 40.26000);
CreateDynamicObject(2047, 2120.03003, -2015.87000, 9.71000,   0.00000, 0.00000, 40.26000);
CreateDynamicObject(1440, 2127.62012, -2010.77002, 7.48000,   0.00000, 0.00000, 36.18000);
CreateDynamicObject(1440, 2130.22998, -2008.64001, 7.48000,   0.00000, 0.00000, 36.18000);
CreateDynamicObject(1438, 2129.66992, -2010.90002, 6.98000,   0.00000, 0.00000, -122.70000);
CreateDynamicObject(1438, 2121.04004, -2016.59998, 6.98000,   0.00000, 0.00000, 48.66000);
CreateDynamicObject(1440, 2121.60010, -2018.20996, 7.48000,   0.00000, 0.00000, 145.98000);
CreateDynamicObject(910, 2131.82007, -2011.85999, 8.19000,   0.00000, 0.00000, -4.62000);
CreateDynamicObject(3861, 2114.65991, -2011.63000, 8.05000,   0.00000, 0.00000, 136.80000);
CreateDynamicObject(3040, 2124.77002, -2006.02002, 9.23000,   0.00000, 0.00000, 44.52000);
CreateDynamicObject(3862, 2120.33008, -2000.53003, 8.09000,   0.00000, 0.00000, -45.60000);
CreateDynamicObject(3863, 2110.31006, -2006.71997, 8.12000,   0.00000, 0.00000, 114.06000);
CreateDynamicObject(3039, 2116.01001, -2005.32996, 6.86000,   0.00000, 0.00000, -46.68000);
CreateDynamicObject(2619, 2120.65991, -1999.09998, 8.35000,   -18.96000, -0.06000, 44.28000);
CreateDynamicObject(2619, 2121.61011, -2000.05005, 8.35000,   2.16000, 1.02000, 44.28000);
CreateDynamicObject(3016, 2120.82007, -2001.65002, 7.86000,   0.00000, 0.00000, 0.00000);
CreateDynamicObject(1650, 2120.70996, -2002.05005, 8.02000,   0.00000, 0.00000, -115.02000);
CreateDynamicObject(1650, 2120.40991, -2001.96997, 8.02000,   0.00000, 0.00000, -153.66000);
CreateDynamicObject(2358, 2119.35010, -1999.95996, 7.83000,   0.00000, 0.00000, -26.64000);
CreateDynamicObject(2359, 2119.04004, -2000.43994, 7.92000,   0.00000, 0.00000, -37.50000);
CreateDynamicObject(2042, 2119.39990, -1999.94995, 8.03000,   0.00000, 0.00000, -29.94000);
CreateDynamicObject(2041, 2119.76001, -2000.37000, 7.91000,   0.00000, 0.00000, 0.00000);
CreateDynamicObject(2040, 2118.84009, -2000.34998, 7.80000,   0.00000, 0.00000, 52.92000);
CreateDynamicObject(2038, 2119.76001, -2000.60999, 7.80000,   0.00000, 0.00000, 0.00000);
CreateDynamicObject(2037, 2119.56006, -2000.78003, 7.78000,   0.00000, 0.00000, 13.50000);
CreateDynamicObject(2037, 2119.76001, -2000.77002, 7.78000,   0.00000, 0.00000, -39.48000);
CreateDynamicObject(3014, 2119.27002, -2000.06006, 7.19000,   0.00000, 0.00000, 41.40000);
CreateDynamicObject(3014, 2118.83008, -2000.48999, 7.19000,   0.00000, 0.00000, 41.40000);
CreateDynamicObject(1271, 2119.64990, -2000.79004, 7.31000,   0.00000, 0.00000, 41.88000);
CreateDynamicObject(1271, 2120.17993, -2001.39001, 7.31000,   0.00000, 0.00000, 41.88000);
CreateDynamicObject(2358, 2120.54004, -2002.04004, 7.08000,   0.00000, 0.00000, 45.18000);
CreateDynamicObject(2358, 2120.54004, -2002.04004, 7.30000,   0.00000, 0.00000, 45.18000);
CreateDynamicObject(2358, 2121.06006, -2001.45996, 7.10000,   0.00000, 0.00000, 78.36000);
CreateDynamicObject(2358, 2121.06006, -2001.45996, 7.32000,   0.00000, 0.00000, 78.36000);
CreateDynamicObject(2358, 2121.81006, -2001.07996, 7.10000,   0.00000, 0.00000, 219.42000);
CreateDynamicObject(2358, 2121.81006, -2001.07996, 7.32000,   0.00000, 0.00000, 219.42000);
CreateDynamicObject(2359, 2121.39990, -2000.66003, 7.19000,   0.00000, 0.00000, -147.48000);
CreateDynamicObject(335, 2120.35010, -2001.87000, 7.70000,   90.78000, 26.40000, 70.44000);
CreateDynamicObject(335, 2120.51001, -2001.70996, 7.70000,   90.78000, 26.40000, 110.52000);
CreateDynamicObject(335, 2120.38989, -2001.40002, 7.70000,   90.78000, 26.40000, 238.74001);
CreateDynamicObject(3028, 2119.92993, -2001.91003, 7.72000,   98.16000, 46.74000, 0.00000);
CreateDynamicObject(3028, 2119.97998, -2001.65002, 7.72000,   98.16000, 46.74000, 11.82000);
CreateDynamicObject(1458, 2127.53003, -2007.47998, 7.19000,   0.00000, 0.00000, 121.80000);
CreateDynamicObject(2969, 2124.12988, -2003.46997, 7.09000,   0.00000, 0.00000, 0.00000);
CreateDynamicObject(2969, 2124.12988, -2003.46997, 7.31000,   0.00000, 0.00000, 0.00000);
CreateDynamicObject(2969, 2124.12988, -2003.46997, 7.50000,   0.00000, 0.00000, 0.00000);
CreateDynamicObject(2969, 2123.73999, -2002.88000, 7.10000,   0.00000, 0.00000, 46.56000);
CreateDynamicObject(2969, 2123.73999, -2002.88000, 7.31000,   0.00000, 0.00000, 46.56000);
CreateDynamicObject(2969, 2124.68994, -2003.84998, 7.07000,   0.00000, 0.00000, 63.36000);
CreateDynamicObject(1575, 2114.17993, -2010.60999, 7.65000,   0.00000, 0.00000, 0.00000);
CreateDynamicObject(1575, 2114.34009, -2010.15002, 7.65000,   0.00000, 0.00000, 36.18000);
CreateDynamicObject(1575, 2114.52002, -2010.56006, 7.69000,   -0.30000, 15.72000, 21.78000);
CreateDynamicObject(1575, 2114.34009, -2010.15002, 7.77000,   0.00000, 0.00000, 49.20000);
CreateDynamicObject(1577, 2116.04004, -2011.63000, 7.65000,   0.00000, 0.00000, 0.00000);
CreateDynamicObject(1577, 2115.86011, -2012.06995, 7.65000,   0.00000, 0.00000, -86.04000);
CreateDynamicObject(1579, 2115.39990, -2011.73999, 7.64000,   0.00000, 0.00000, -65.70000);
CreateDynamicObject(1579, 2115.39990, -2011.73999, 7.74000,   0.00000, 0.00000, -65.70000);
CreateDynamicObject(2969, 2115.28003, -2011.13000, 7.08000,   0.00000, 0.00000, 0.00000);
CreateDynamicObject(2969, 2114.60010, -2010.53003, 7.08000,   0.00000, 0.00000, 70.74000);
CreateDynamicObject(1271, 2115.43994, -2013.97998, 7.29000,   0.00000, 0.00000, -44.94000);
CreateDynamicObject(1271, 2115.43994, -2013.97998, 7.95000,   0.00000, 0.00000, -44.94000);
CreateDynamicObject(1271, 2116.63989, -2014.27002, 7.31000,   0.00000, 0.00000, -7.02000);
CreateDynamicObject(1271, 2116.63989, -2014.27002, 7.99000,   0.00000, 0.00000, -7.02000);
CreateDynamicObject(1271, 2117.48999, -2014.56006, 7.31000,   0.00000, 0.00000, 15.42000);
CreateDynamicObject(1271, 2111.45996, -2009.88000, 7.30000,   0.00000, 0.00000, -38.40000);
CreateDynamicObject(1271, 2110.89990, -2009.22998, 7.30000,   0.00000, 0.00000, -53.52000);
CreateDynamicObject(1271, 2111.45996, -2009.88000, 7.96000,   0.00000, 0.00000, -38.40000);
CreateDynamicObject(18633, 2111.73999, -2007.43994, 7.77000,   0.00000, 0.00000, 0.00000);
CreateDynamicObject(18633, 2111.56006, -2007.35999, 7.77000,   0.00000, 0.00000, -31.32000);
CreateDynamicObject(18633, 2111.48999, -2007.37000, 7.77000,   0.00000, 0.00000, -32.82000);
CreateDynamicObject(18633, 2110.98999, -2005.38000, 7.77000,   -1.20000, 95.64000, 26.94000);
CreateDynamicObject(18633, 2110.78003, -2005.37000, 7.77000,   -1.20000, 95.64000, -167.82001);
CreateDynamicObject(18634, 2110.18994, -2005.73999, 7.77000,   0.78000, -89.88000, 0.00000);
CreateDynamicObject(18634, 2110.43994, -2005.78003, 7.77000,   -0.30000, -96.12000, -132.42000);
CreateDynamicObject(18634, 2110.53003, -2005.64001, 7.78000,   -1.32000, -93.60000, -114.00000);
CreateDynamicObject(18635, 2110.82007, -2006.59998, 7.81000,   -88.80000, -76.86000, 0.00000);
CreateDynamicObject(18635, 2110.88989, -2006.72998, 7.81000,   -88.80000, -76.86000, 66.84000);
CreateDynamicObject(18635, 2111.21997, -2006.70996, 7.81000,   -88.80000, -76.86000, 45.24000);
CreateDynamicObject(337, 2111.02002, -2004.97998, 7.33000,   -1.02000, -6.78000, 28.50000);
CreateDynamicObject(337, 2111.14990, -2005.28003, 7.33000,   -1.02000, -6.78000, 28.50000);
CreateDynamicObject(18451, 2114.04004, -1997.56006, 7.52000,   0.00000, 0.00000, 37.92000);
CreateDynamicObject(3050, 2114.84009, -1992.96997, 9.14000,   0.00000, 0.00000, 43.50000);
CreateDynamicObject(3050, 2111.44995, -1996.13000, 9.14000,   0.00000, 0.00000, 43.50000);
CreateDynamicObject(3050, 2106.26001, -2001.03003, 9.14000,   0.00000, 0.00000, 79.56000);
CreateDynamicObject(1335, 2108.45996, -1997.73999, 8.06000,   0.00000, 0.00000, 135.12000);
CreateDynamicObject(1330, 2109.66992, -1996.80005, 7.42000,   0.00000, 0.00000, 0.00000);
CreateDynamicObject(1330, 2110.33008, -1996.15002, 7.17000,   -28.98000, -97.26000, 0.00000);
CreateDynamicObject(910, 2111.08008, -1994.71997, 8.19000,   0.00000, 0.00000, -76.98000);
CreateDynamicObject(910, 2112.83008, -1993.15002, 8.19000,   0.00000, 0.00000, -130.20000);
CreateDynamicObject(14791, 2107.01001, -1989.31006, 8.10000,   0.00000, 0.00000, -45.18000);
CreateDynamicObject(14782, 2100.30005, -1998.81995, 7.92000,   0.00000, 0.00000, 134.58000);
CreateDynamicObject(14779, 2100.62988, -1994.56006, 9.25000,   0.00000, 0.00000, 45.90000);
CreateDynamicObject(14779, 2097.58008, -1991.48999, 9.25000,   0.00000, 0.00000, 45.90000);
CreateDynamicObject(2047, 2108.96997, -1987.29004, 9.81000,   0.00000, 0.00000, -43.92000);
CreateDynamicObject(1462, 2111.83008, -1990.80005, 6.99000,   0.00000, 0.00000, -46.98000);
CreateDynamicObject(1810, 2102.65991, -1989.92004, 6.98000,   0.00000, 0.00000, 87.36000);
CreateDynamicObject(1810, 2102.32007, -1988.83997, 6.98000,   0.00000, 0.00000, 196.56000);
CreateDynamicObject(1810, 2105.62988, -1993.81995, 6.98000,   0.00000, 0.00000, 138.12000);
CreateDynamicObject(1810, 2104.87988, -1993.27002, 6.98000,   0.00000, 0.00000, 120.90000);
CreateDynamicObject(1810, 2104.26001, -1993.16003, 6.98000,   2.40000, 91.20000, 120.90000);
CreateDynamicObject(1810, 2103.02002, -1991.69995, 6.98000,   0.00000, 0.00000, 105.84000);
CreateDynamicObject(1439, 2097.20996, -1995.58997, 7.03000,   0.00000, 0.00000, 134.16000);
CreateDynamicObject(1372, 2096.87988, -1993.34998, 7.07000,   0.00000, 0.00000, 80.64000);
CreateDynamicObject(2916, 2099.22998, -1996.65002, 7.02000,   0.00000, 0.00000, 0.00000);
CreateDynamicObject(2916, 2098.89990, -1996.45996, 7.02000,   0.00000, 0.00000, 38.70000);
CreateDynamicObject(4227, 2092.67993, -1991.67004, 9.68000,   0.00000, 0.00000, -225.30000);
CreateDynamicObject(17969, 2104.44995, -1982.73999, 9.04000,   0.00000, 0.00000, 44.46000);
CreateDynamicObject(12846, 2113.32007, -1995.42004, 5.66000,   0.00000, 0.00000, -45.96000);
CreateDynamicObject(7415, 2109.44995, -2009.60999, 4.80000,   0.00000, 0.00000, -105.42000);
CreateDynamicObject(3260, 2091.39990, -1989.34998, 7.53000,   0.30000, -0.30000, -104.22000);
CreateDynamicObject(3260, 2091.87988, -1987.41003, 7.53000,   0.30000, -0.30000, -104.22000);
CreateDynamicObject(3260, 2091.36011, -1985.80005, 7.53000,   0.30000, -0.30000, -41.88000);
CreateDynamicObject(3260, 2088.84009, -1984.59998, 7.53000,   0.30000, -0.30000, 17.58000);
CreateDynamicObject(3260, 2087.12988, -1985.54004, 7.53000,   0.30000, -0.30000, 39.42000);
CreateDynamicObject(3260, 2087.70996, -1986.34998, 9.54000,   89.46000, 9.96000, 28.50000);
CreateDynamicObject(3260, 2089.14990, -1985.19995, 9.54000,   89.46000, 9.96000, 40.44000);
CreateDynamicObject(3260, 2089.48999, -1988.76001, 9.56000,   89.46000, 9.96000, 28.50000);
CreateDynamicObject(3260, 2090.52002, -1987.50000, 9.56000,   89.46000, 9.96000, 29.64000);
CreateDynamicObject(3260, 2090.27002, -1987.19995, 9.56000,   89.46000, 9.96000, 95.70000);
CreateDynamicObject(14861, 2090.25000, -1987.95996, 6.99000,   0.00000, 0.00000, 49.44000);
CreateDynamicObject(911, 2088.43994, -1986.56995, 7.49000,   0.00000, 0.00000, 134.94000);
CreateDynamicObject(1407, 2091.62988, -1988.67004, 7.42000,   0.00000, -41.94000, 77.82000);
CreateDynamicObject(2843, 2090.79004, -1987.76001, 6.99000,   0.00000, 0.00000, 0.00000);
CreateDynamicObject(2846, 2090.90991, -1986.98999, 6.98000,   0.00000, 0.00000, 42.42000);
CreateDynamicObject(2068, 2087.36011, -1990.01001, 9.79000,   -4.98000, 7.74000, -5.16000);
CreateDynamicObject(3260, 2103.29004, -1982.78003, 7.91000,   0.00000, 0.00000, 39.12000);
CreateDynamicObject(3260, 2101.80005, -1983.98999, 7.91000,   0.00000, 0.00000, 39.12000);
CreateDynamicObject(3260, 2100.31006, -1984.07996, 7.91000,   0.00000, 0.00000, -35.82000);
CreateDynamicObject(3260, 2099.48999, -1982.60999, 7.91000,   0.00000, 0.00000, 92.10000);
CreateDynamicObject(3260, 2101.03003, -1980.05005, 7.91000,   0.00000, 0.00000, 42.00000);
CreateDynamicObject(3260, 2101.59009, -1980.72998, 9.92000,   89.52000, -10.50000, 51.18000);
CreateDynamicObject(3260, 2102.09009, -1981.18994, 9.92000,   89.52000, -10.50000, 51.18000);
CreateDynamicObject(3260, 2100.21997, -1982.03003, 9.92000,   89.52000, -10.50000, 51.18000);
CreateDynamicObject(3260, 2100.61011, -1982.45996, 9.92000,   89.52000, -10.50000, 51.18000);
CreateDynamicObject(3260, 2100.17993, -1982.78003, 9.92000,   89.52000, -10.50000, 51.18000);
CreateDynamicObject(1460, 2100.19995, -1984.13000, 7.30000,   -2.76000, -84.84000, -34.44000);
CreateDynamicObject(1460, 2102.94995, -1983.07996, 8.31000,   -2.82000, -27.42000, 38.40000);
CreateDynamicObject(1462, 2099.81006, -1984.33997, 6.99000,   0.00000, 0.00000, -39.96000);
CreateDynamicObject(14861, 2102.34009, -1982.53003, 6.99000,   0.00000, 0.00000, -51.06000);
CreateDynamicObject(2846, 2100.88989, -1980.79004, 6.99000,   0.00000, 0.00000, -27.96000);
CreateDynamicObject(2845, 2100.12012, -1981.57996, 6.98000,   0.00000, 0.00000, -21.48000);
CreateDynamicObject(3050, 2086.59009, -1985.76001, 9.17000,   0.00000, 0.00000, -135.72000);
CreateDynamicObject(3050, 2089.95996, -1982.50000, 9.17000,   0.00000, 0.00000, -135.72000);
CreateDynamicObject(3050, 2093.28003, -1979.26001, 9.17000,   0.00000, 0.00000, -135.72000);
CreateDynamicObject(3050, 2096.62988, -1976.05005, 9.17000,   0.00000, 0.00000, -135.72000);
CreateDynamicObject(1372, 2097.27002, -1976.94995, 7.07000,   0.00000, 0.00000, 0.00000);
CreateDynamicObject(1439, 2099.12012, -1977.95996, 7.00000,   0.00000, 0.00000, -42.84000);
CreateDynamicObject(1271, 2095.80005, -1978.03003, 7.30000,   0.00000, 0.00000, 0.00000);
CreateDynamicObject(1271, 2095.80005, -1978.03003, 7.97000,   0.00000, 0.00000, 0.00000);
CreateDynamicObject(1271, 2094.87988, -1978.45996, 7.30000,   0.00000, 0.00000, -31.20000);
CreateDynamicObject(1440, 2093.41992, -1980.28003, 7.45000,   0.00000, 0.00000, 45.54000);
CreateDynamicObject(1438, 2091.56006, -1982.54004, 6.98000,   0.00000, 0.00000, 45.18000);
CreateDynamicObject(1438, 2095.52002, -1992.60999, 6.95000,   0.00000, 0.00000, 140.16000);
CreateDynamicObject(1438, 2093.13989, -1989.98999, 6.95000,   0.00000, 0.00000, 119.70000);
CreateDynamicObject(913, 2094.23999, -1990.98999, 7.37000,   -90.42000, -11.76000, -67.92000);
CreateDynamicObject(1358, 2103.16992, -1985.15002, 8.18000,   0.00000, 0.00000, 43.98000);
CreateDynamicObject(2672, 2093.26001, -1984.89001, 7.28000,   0.00000, 0.00000, 0.00000);
CreateDynamicObject(2672, 2100.50000, -1987.82996, 7.28000,   0.00000, 0.00000, 109.68000);
CreateDynamicObject(2672, 2096.62012, -1981.37000, 7.28000,   0.00000, 0.00000, 155.34000);
CreateDynamicObject(2672, 2096.65991, -1991.16003, 7.28000,   0.00000, 0.00000, 9.84000);
CreateDynamicObject(2670, 2096.77002, -1983.26001, 7.08000,   0.00000, 0.00000, 0.00000);
CreateDynamicObject(2670, 2096.73999, -1985.17004, 7.08000,   0.00000, 0.00000, -55.98000);
CreateDynamicObject(2670, 2095.33008, -1988.12000, 7.08000,   0.00000, 0.00000, -34.20000);
CreateDynamicObject(2673, 2097.73999, -1988.55005, 7.06000,   0.00000, 0.00000, 0.00000);