CreateDynamicObject(1497, 257.524444, 81.794700, 1001.445312, 0.000000, 0.000000, 180.000000); 
CreateDynamicObject(1497, 213.600814, 118.068374, 997.995605, 0.000000, 0.000000, 90.000000); 
CreateDynamicObject(1497, 422.917877, 2535.775390, 15.146018, 0.000000, 0.000000, 90.000000); 
CreateDynamicObject(1497, 1057.157104, 1259.869018, 9.820312, 0.000000, 0.000000, 90.000000); 
CreateDynamicObject(1497, -2170.998291, 647.285705, 1056.603759, 0.000000, 0.000000, 0.000000); 
CreateDynamicObject(1497, -674.787963, 936.775024, 11.132812, 0.000000, 0.000000, 0.000000); 
CreateDynamicObject(1497, 350.313079, 308.628143, 998.148437, 0.000000, 0.000000, 90.000000); 
CreateDynamicObject(1497, -217.100967, 1401.980468, 26.773437, 0.000000, 0.000000, 90.000000); 
CreateDynamicObject(1497, 1143.140502, 3.480581, 999.619506, 0.000000, 0.000000, 180.000000); 
CreateDynamicObject(1497, 502.380920, -79.204536, 997.757812, 0.000000, 0.000000, 90.000000); 
CreateDynamicObject(1497, 2495.830810, -1708.973022, 1017.336791, 0.000000, 0.000000, 0.000000); 
CreateDynamicObject(1497, 323.055450, 1125.388305, 1082.882812, 0.000000, 0.000000, 0.000000); 
CreateDynamicObject(1497, 2813.636718, -1162.937622, 1028.171875, 0.000000, 0.000000, 270.000000); 
