     //=============================[FAIXA DE PEDESTRES]============================//
	CreateDynamicObject(2960, 1427.04395, -1716.42712, 12.31130,   0.00000, 0.00000, 0.00000);
	CreateDynamicObject(2960, 1434.23853, -1719.17004, 12.31130,   0.00000, 0.00000, 90.00000);
	CreateDynamicObject(2960, 1433.56848, -1719.17505, 12.31130,   0.00000, 0.00000, 90.00000);
	CreateDynamicObject(2960, 1432.86853, -1719.17505, 12.31130,   0.00000, 0.00000, 90.00000);
	CreateDynamicObject(2960, 1432.06848, -1719.17505, 12.31130,   0.00000, 0.00000, 90.00000);
	CreateDynamicObject(2960, 1431.26855, -1719.17505, 12.31130,   0.00000, 0.00000, 90.00000);
	CreateDynamicObject(2960, 1424.98083, -1719.17004, 12.31130,   0.00000, 0.00000, 90.00000);
	CreateDynamicObject(2960, 1432.10510, -1721.92993, 12.31130,   0.00000, 0.00000, 0.00000);
	CreateDynamicObject(2960, 1430.56848, -1719.17004, 12.31130,   0.00000, 0.00000, 90.00000);
	CreateDynamicObject(2960, 1428.97607, -1719.17004, 12.31130,   0.00000, 0.00000, 90.00000);
	CreateDynamicObject(2960, 1426.88977, -1719.17004, 12.31130,   0.00000, 0.00000, 90.00000);
	CreateDynamicObject(2960, 1426.22339, -1719.17004, 12.31130,   0.00000, 0.00000, 90.00000);
	CreateDynamicObject(2960, 1425.59680, -1719.17004, 12.31130,   0.00000, 0.00000, 90.00000);
	CreateDynamicObject(2960, 1427.54456, -1719.17004, 12.31130,   0.00000, 0.00000, 90.00000);
	CreateDynamicObject(2960, 1428.25452, -1719.17004, 12.31130,   0.00000, 0.00000, 90.00000);
	new TextPrefeitura, TextPrefeitura1;
	TextPrefeitura = CreateObject(19353, 1451.55750, -1734.85596, 12.30080,   0.00000, 90.00000, 360.00000);
	TextPrefeitura1 = CreateObject(19353, 1513.4871, -1729.7018, 12.3008,       0.0000, 90.0000, 179.6511);
	for(new i; i< 10; i++)
	SetObjectMaterial(TextPrefeitura, i, 0, "none", "none", HexToInt("0xRRGGBB00"));
	for(new i; i< 10; i++)
	SetObjectMaterial(TextPrefeitura1, i, 0, "none", "none", HexToInt("0xRRGGBB00"));
	SetObjectMaterialText(TextPrefeitura, "60KM/H", 0, OBJECT_MATERIAL_SIZE_128x64, "Arial", 40, 0, 0xFFFFFFFF, 0, OBJECT_MATERIAL_TEXT_ALIGN_CENTER);
	SetObjectMaterialText(TextPrefeitura1, "60KM/H", 0, OBJECT_MATERIAL_SIZE_128x64, "Arial", 40, 0, 0xFFFFFFFF, 0, OBJECT_MATERIAL_TEXT_ALIGN_CENTER);

//Prefeitura
	CreateDynamicObject(16362, 1480.47876, -1722.32007, 15.52820,   0.00000, 0.00000, 269.95480);
	CreateDynamicObject(984, 1441.01245, -1714.37439, 13.18610,   0.00000, 0.00000, 359.95901);
	CreateDynamicObject(984, 1505.17944, -1720.77612, 13.18610,   0.00000, 0.00000, 270.06784);
	CreateDynamicObject(984, 1447.41785, -1720.78333, 13.18610,   0.00000, 0.00000, 270.06784);
	CreateDynamicObject(984, 1455.40271, -1720.75635, 13.18610,   0.00000, 0.00000, 270.06784);
	CreateDynamicObject(984, 1517.92053, -1714.35132, 13.18610,   0.00000, 0.00000, 0.70923);
	CreateDynamicObject(984, 1511.57666, -1720.76990, 13.18610,   0.00000, 0.00000, 270.06784);
	CreateDynamicObject(978, 1534.82947, -1640.78271, 13.37550,   0.00000, 0.00000, 89.85859);
	CreateDynamicObject(978, 1534.66101, -1704.75281, 13.37550,   0.00000, 0.00000, 89.85859);
	CreateDynamicObject(978, 1534.81799, -1650.02563, 13.37550,   0.00000, 0.00000, 89.85859);
	CreateDynamicObject(978, 1534.81372, -1659.08484, 13.37550,   0.00000, 0.00000, 89.85859);
	CreateDynamicObject(978, 1537.56970, -1668.51257, 13.37550,   0.00000, 0.00000, 89.85859);
	CreateDynamicObject(978, 1537.55420, -1676.82678, 13.37550,   0.00000, 0.00000, 89.85859);
	CreateDynamicObject(978, 1534.74231, -1686.22217, 13.37550,   0.00000, 0.00000, 89.85859);
	CreateDynamicObject(978, 1534.70300, -1695.46204, 13.37550,   0.00000, 0.00000, 89.85859);
	//+ Prefeitura & RoadBlock DP
	CreateDynamicObject(16362, 1480.47876, -1722.32007, 15.52820,   0.00000, 0.00000, 269.95480);
	CreateDynamicObject(984, 1441.01245, -1714.37439, 13.18610,   0.00000, 0.00000, 359.95901);
	CreateDynamicObject(984, 1505.17944, -1720.77612, 13.18610,   0.00000, 0.00000, 270.06784);
	CreateDynamicObject(984, 1447.41785, -1720.78333, 13.18610,   0.00000, 0.00000, 270.06784);
	CreateDynamicObject(984, 1455.40271, -1720.75635, 13.18610,   0.00000, 0.00000, 270.06784);
	CreateDynamicObject(984, 1517.92053, -1714.35132, 13.18610,   0.00000, 0.00000, 0.70923);
	CreateDynamicObject(984, 1511.57666, -1720.76990, 13.18610,   0.00000, 0.00000, 270.06784);
	CreateDynamicObject(978, 1534.82947, -1640.78271, 13.37550,   0.00000, 0.00000, 89.85859);
	CreateDynamicObject(978, 1534.66101, -1704.75281, 13.37550,   0.00000, 0.00000, 89.85859);
	CreateDynamicObject(978, 1534.81799, -1650.02563, 13.37550,   0.00000, 0.00000, 89.85859);
	CreateDynamicObject(978, 1534.81372, -1659.08484, 13.37550,   0.00000, 0.00000, 89.85859);
	CreateDynamicObject(978, 1537.56970, -1668.51257, 13.37550,   0.00000, 0.00000, 89.85859);
	CreateDynamicObject(978, 1537.55420, -1676.82678, 13.37550,   0.00000, 0.00000, 89.85859);
	CreateDynamicObject(978, 1534.74231, -1686.22217, 13.37550,   0.00000, 0.00000, 89.85859);
	CreateDynamicObject(978, 1534.70300, -1695.46204, 13.37550,   0.00000, 0.00000, 89.85859);