CreateDynamicObject(18981, 2246.333251, -120.794799, 24.978599, 0.000000, 90.000000, 0.000000);
CreateDynamicObject(18981, 2246.333251, -133.391799, 24.972600, 0.000000, 90.000000, 0.000000);
CreateDynamicObject(18981, 2271.244873, -133.391799, 24.982599, 0.000000, 90.000000, 0.000000);
CreateDynamicObject(18981, 2296.214355, -133.391799, 24.982599, 0.000000, 90.000000, 0.000000);
CreateDynamicObject(18981, 2321.151123, -117.504760, 24.968599, 0.000000, 90.000000, 0.000000);
CreateDynamicObject(18981, 2271.246582, -120.794799, 24.996599, 0.000000, 90.000000, 0.000000);
CreateDynamicObject(18981, 2296.189941, -116.364791, 24.968599, 0.000000, 90.000000, 0.000000);
CreateDynamicObject(18981, 2321.199462, -133.391799, 24.982599, 0.000000, 90.000000, 0.000000);
CreateDynamicObject(18766, 2292.37207, -130.90164, 25.39860,   0.00000, 0.00000, 270.00000);
CreateDynamicObject(18766, 2238.92554, -108.78165, 25.39860,   0.00000, 0.00000, 0.00000);
CreateDynamicObject(18766, 2234.42407, -114.28163, 25.39860,   0.00000, 0.00000, 90.00000);
CreateDynamicObject(18766, 2234.42407, -124.25161, 25.39860,   0.00000, 0.00000, 90.00000);
CreateDynamicObject(18766, 2234.42407, -134.24170, 25.39860,   0.00000, 0.00000, 90.00000);
CreateDynamicObject(18766, 2234.44409, -140.90170, 25.39860,   0.00000, 0.00000, 90.00000);
CreateDynamicObject(18766, 2239.88867, -145.38170, 25.39860,   0.00000, 0.00000, 180.00000);
CreateDynamicObject(18766, 2249.87231, -145.38170, 25.39860,   0.00000, 0.00000, 180.00000);
CreateDynamicObject(18766, 2259.84326, -145.38170, 25.39860,   0.00000, 0.00000, 180.00000);
CreateDynamicObject(18766, 2269.82788, -145.38170, 25.39860,   0.00000, 0.00000, 180.00000);
CreateDynamicObject(18766, 2279.79956, -145.38170, 25.39860,   0.00000, 0.00000, 180.00000);
CreateDynamicObject(18766, 2287.82886, -145.38170, 25.39860,   0.00000, 0.00000, 180.00000);
CreateDynamicObject(18766, 2292.37207, -140.85168, 25.39860,   0.00000, 0.00000, 270.00000);
CreateDynamicObject(18766, 2292.37207, -122.59960, 25.39860,   0.00000, 0.00000, 270.00000);
CreateDynamicObject(18762, 2292.36646, -108.80756, 27.41862,   0.00000, 0.00000, 0.00000);
CreateDynamicObject(18762, 2292.40552, -115.28754, 27.37861,   0.00000, 0.00000, 0.00000);
CreateDynamicObject(18981, 2346.196777, -133.391799, 24.982599, 0.000000, 90.000000, 0.000000);
CreateDynamicObject(18981, 2346.196777, -120.471755, 24.972599, 0.000000, 90.000000, 0.000000);
CreateDynamicObject(12959, 2260.63501, -126.69265, 25.43859,   0.00000, 0.00000, 180.00000);
CreateDynamicObject(19482, 2260.51074, -122.49406, 31.43589,   0.00000, 0.00000, 90.00000);
CreateDynamicObject(967, 2290.40649, -119.36629, 25.48260,   0.00000, 0.00000, 180.00000);
CreateDynamicObject(781, 2255.26343, -119.63907, 25.51221,   0.00000, 0.00000, -95.49997);
CreateDynamicObject(19313, 2292.37280, -124.77560, 26.58860,   0.00000, 0.00000, 270.00000);
CreateDynamicObject(19313, 2313.38745, -108.42963, 26.58861,   0.00000, 0.00000, 360.00000);
CreateDynamicObject(19313, 2327.45142, -108.42963, 26.58861,   0.00000, 0.00000, 360.00000);
CreateDynamicObject(19313, 2334.46167, -115.40964, 26.58861,   0.00000, 0.00000, 450.00000);
CreateDynamicObject(19313, 2334.46167, -129.38965, 26.58861,   0.00000, 0.00000, 450.00000);
CreateDynamicObject(19313, 2334.46167, -138.72957, 26.58861,   0.00000, 0.00000, 450.00000);
CreateDynamicObject(19313, 2327.45166, -145.80952, 26.58861,   0.00000, 0.00000, 540.00000);
CreateDynamicObject(19313, 2313.39111, -145.80952, 26.58861,   0.00000, 0.00000, 540.00000);
CreateDynamicObject(19313, 2299.47803, -145.80952, 26.58861,   0.00000, 0.00000, 540.00000);
CreateDynamicObject(19313, 2292.37280, -138.74973, 26.58861,   0.00000, 0.00000, 270.00000);
CreateDynamicObject(19313, 2299.38501, -108.42963, 26.58861,   0.00000, 0.00000, 360.00000);
CreateDynamicObject(781, 2269.68530, -119.62093, 25.51221,   0.00000, 0.00000, -95.49997);
CreateDynamicObject(781, 2262.09351, -119.55327, 25.51221,   0.00000, 0.00000, -95.49997);
CreateDynamicObject(781, 2273.35840, -127.18768, 25.51221,   0.00000, 0.00000, -5.49997);
CreateDynamicObject(3850, 2250.66553, -133.42502, 26.14261,   0.00000, 0.00000, 0.00000);
CreateDynamicObject(3850, 2250.66553, -129.99507, 26.14260,   0.00000, 0.00000, 0.00000);
CreateDynamicObject(3850, 2252.38599, -135.18500, 26.14261,   0.00000, 0.00000, 90.00000);
CreateDynamicObject(3850, 2255.82617, -135.18500, 26.14261,   0.00000, 0.00000, 90.00000);
CreateDynamicObject(3850, 2259.23584, -135.18500, 26.14261,   0.00000, 0.00000, 90.00000);
CreateDynamicObject(3850, 2262.65674, -135.18500, 26.14261,   0.00000, 0.00000, 90.00000);
CreateDynamicObject(3850, 2266.09814, -135.18500, 26.14261,   0.00000, 0.00000, 90.00000);
CreateDynamicObject(3850, 2269.50977, -135.18500, 26.14261,   0.00000, 0.00000, 90.00000);
CreateDynamicObject(3850, 2272.91870, -135.18500, 26.14261,   0.00000, 0.00000, 90.00000);
CreateDynamicObject(3850, 2275.56885, -133.44493, 26.14261,   0.00000, 0.00000, 180.00000);
CreateDynamicObject(3850, 2273.84961, -135.18500, 26.14261,   0.00000, 0.00000, 90.00000);
CreateDynamicObject(3850, 2275.56885, -130.03500, 26.14261,   0.00000, 0.00000, 180.00000);
CreateDynamicObject(3850, 2275.56885, -126.61500, 26.14261,   0.00000, 0.00000, 180.00000);
CreateDynamicObject(3850, 2275.56885, -124.87503, 26.14261,   0.00000, 0.00000, 180.00000);
CreateDynamicObject(3850, 2273.80811, -123.11504, 26.14261,   0.00000, 0.00000, 270.00000);
CreateDynamicObject(3850, 2270.37695, -123.11504, 26.14261,   0.00000, 0.00000, 270.00000);
CreateDynamicObject(781, 2272.74780, -133.50836, 25.51221,   0.00000, 0.00000, 84.50003);
CreateDynamicObject(781, 2267.12036, -133.61420, 25.51221,   0.00000, 0.00000, 92.80004);
CreateDynamicObject(781, 2261.42554, -133.89252, 25.51221,   0.00000, 0.00000, 92.80004);
CreateDynamicObject(781, 2254.84277, -134.21434, 25.51221,   0.00000, 0.00000, 92.80004);
CreateDynamicObject(997, 2275.78613, -123.16139, 25.48260,   0.00000, 0.00000, 0.00000);
CreateDynamicObject(997, 2275.78613, -135.18132, 25.48260,   0.00000, 0.00000, 0.00000);