// ~~ Interior
CreateDynamicObject(14535,2786.641,-72.674,1319.862,0.000,0.000,90.000);
CreateDynamicObject(2964,2749.562,-68.794,1311.604,0.000,0.000,0.000);
CreateDynamicObject(1670,2783.718,-72.777,1318.689,0.000,0.000,0.000);
CreateDynamicObject(14705,2790.331,-67.024,1319.791,0.000,0.000,0.000);
CreateDynamicObject(2118,2788.012,-68.447,1317.599,0.000,0.000,96.000);
CreateDynamicObject(1670,2787.684,-67.968,1318.410,0.000,0.000,100.000);
CreateDynamicObject(948,2781.743,-69.239,1317.838,0.000,0.000,16.000);
CreateDynamicObject(2194,2790.200,-67.664,1319.873,0.000,0.000,0.000);
CreateDynamicObject(19823,2787.803,-69.662,1319.708,0.000,0.000,0.000);
CreateDynamicObject(2251,2789.594,-65.958,1318.682,0.000,0.000,0.000);
CreateDynamicObject(2120,2773.327,-70.025,1318.477,0.000,0.000,353.998);
CreateDynamicObject(2120,2773.227,-68.629,1318.477,0.000,0.000,13.995);
CreateDynamicObject(2120,2772.812,-71.698,1318.477,0.000,0.000,313.991);
CreateDynamicObject(2120,2771.165,-72.155,1318.477,0.000,0.000,261.989);
CreateDynamicObject(2120,2769.769,-71.453,1318.477,0.000,0.000,215.995);
CreateDynamicObject(2120,2769.319,-70.047,1318.477,0.000,0.000,183.991);
CreateDynamicObject(2120,2769.270,-68.760,1318.477,0.000,0.000,171.990);
CreateDynamicObject(11707,2766.581,-81.017,1319.259,0.000,0.000,-89.999);
CreateDynamicObject(2241,2768.724,-66.154,1318.343,0.000,0.000,0.000);
CreateDynamicObject(2241,2780.314,-66.000,1318.839,0.000,0.000,346.000);
CreateDynamicObject(2253,2787.801,-70.322,1319.043,0.000,0.000,22.000);
CreateDynamicObject(2811,2774.166,-73.300,1317.838,0.000,0.000,0.000);
CreateDynamicObject(2811,2782.639,-65.831,1317.838,0.000,0.000,0.000);
CreateDynamicObject(15038,2774.197,-66.221,1318.456,0.000,0.000,0.000);
CreateDynamicObject(1714,2777.749,-85.013,1317.838,0.000,0.000,172.000);
CreateDynamicObject(14455,2780.966,-83.952,1319.510,0.000,0.000,90.000);
CreateDynamicObject(1726,2775.196,-81.057,1317.838,0.000,0.000,90.000);
CreateDynamicObject(1811,2779.322,-81.462,1318.464,0.000,0.000,40.000);
CreateDynamicObject(1811,2776.367,-81.543,1318.464,0.000,0.000,161.990);
CreateDynamicObject(1811,2777.940,-79.941,1318.464,0.000,0.000,87.995);
CreateDynamicObject(1727,2780.470,-76.237,1317.838,0.000,0.000,225.540);
CreateDynamicObject(2811,2776.179,-78.150,1317.838,0.000,0.000,344.000);
CreateDynamicObject(2528,2764.179,-78.894,1317.838,0.000,0.000,90.000);
CreateDynamicObject(2523,2766.134,-78.313,1317.838,0.000,0.000,270.000);
CreateDynamicObject(2828,2777.906,-83.170,1318.687,0.000,0.000,164.000);
CreateDynamicObject(2820,2790.471,-71.432,1318.764,0.000,0.000,0.000);
CreateDynamicObject(2812,2790.406,-74.053,1318.764,0.000,0.000,280.000);
CreateDynamicObject(2852,2787.945,-67.513,1318.391,0.000,0.000,0.000);
CreateDynamicObject(2853,2783.635,-71.806,1318.646,0.000,0.000,0.000);
CreateDynamicObject(2522,2766.170,-82.531,1317.838,0.000,0.000,180.000);
CreateDynamicObject(2332,2780.208,-85.204,1318.302,0.000,0.000,224.000);
CreateDynamicObject(14414,2760.000,-76.290,1314.640,0.000,0.000,89.994);
CreateDynamicObject(2948,2749.604,-67.980,1314.500,90.000,180.000,270.000);
CreateDynamicObject(2948,2753.729,-67.981,1314.500,90.000,179.994,269.994);
CreateDynamicObject(2948,2757.544,-69.586,1314.500,90.000,179.994,179.994);
CreateDynamicObject(2609,2774.728,-67.292,1318.571,0.000,0.000,270.000);
CreateDynamicObject(2046,2787.600,-69.584,1320.000,0.000,0.000,180.000);
CreateDynamicObject(2063,2751.998,-73.954,1312.512,0.000,0.000,180.000);
CreateDynamicObject(2063,2755.443,-73.942,1312.512,0.000,0.000,181.994);
CreateDynamicObject(2065,2756.970,-73.063,1311.604,0.000,0.000,266.000);
CreateDynamicObject(1744,2757.544,-70.421,1313.141,0.000,0.000,270.000);
CreateDynamicObject(941,2756.814,-70.416,1312.078,0.000,0.000,270.000);
CreateDynamicObject(2069,2782.100,-74.635,1317.838,0.000,0.000,0.000);
CreateDynamicObject(2114,2754.122,-74.025,1311.750,0.000,0.000,0.000);
CreateDynamicObject(2284,2768.229,-69.393,1320.099,0.000,0.000,90.000);
CreateDynamicObject(2894,2777.876,-83.588,1318.687,0.000,0.000,350.000);
CreateDynamicObject(3017,2751.672,-73.949,1312.884,0.000,0.000,180.000);
CreateDynamicObject(1747,2757.002,-68.061,1311.604,0.000,0.000,0.000);
CreateDynamicObject(1748,2756.929,-67.982,1312.036,0.000,0.000,0.000);
CreateDynamicObject(1752,2756.020,-68.260,1311.604,0.000,0.000,0.000);
CreateDynamicObject(1789,2754.693,-68.378,1312.160,0.000,0.000,0.000);
CreateDynamicObject(1738,2752.523,-68.233,1312.259,0.000,0.000,0.000);
CreateDynamicObject(1738,2765.391,-74.496,1318.494,0.000,0.000,0.000);
CreateDynamicObject(1738,2763.909,-81.175,1318.494,0.000,0.000,90.000);
CreateDynamicObject(1738,2767.960,-71.056,1318.494,0.000,0.000,90.000);
CreateDynamicObject(1738,2781.519,-72.222,1318.494,0.000,0.000,90.000);
CreateDynamicObject(1736,2771.441,-65.999,1320.699,0.000,0.000,0.000);
CreateDynamicObject(1481,2751.287,-68.388,1312.307,0.000,0.000,0.000);
CreateDynamicObject(1668,2778.379,-83.473,1318.853,0.000,0.000,30.000);
CreateDynamicObject(1667,2778.310,-83.738,1318.775,0.000,0.000,0.000);
CreateDynamicObject(1665,2777.412,-83.718,1318.697,0.000,0.000,0.000);
CreateDynamicObject(2394,2775.689,-68.375,1319.577,0.000,0.000,90.000);
CreateDynamicObject(3354,2748.228,-71.114,1312.901,0.000,0.000,0.000);
CreateDynamicObject(11712,2777.932,-77.714,1320.649,0.000,0.000,89.299);
CreateDynamicObject(19787,2771.391,-65.184,1319.419,0.000,0.000,0.000);
CreateDynamicObject(19828,2779.904,-65.215,1318.849,0.000,0.000,0.000);
CreateDynamicObject(19828,2776.471,-77.512,1318.239,0.000,0.000,-179.099);
CreateDynamicObject(16779,2778.081,-82.192,1321.360,0.000,0.000,0.000);
CreateDynamicObject(19814,2778.914,-77.708,1318.279,0.000,0.000,0.000);
CreateDynamicObject(19814,2774.610,-81.783,1318.199,0.000,0.000,90.000);
CreateDynamicObject(19814,2753.572,-74.261,1311.833,0.000,0.000,179.600);
CreateDynamicObject(19814,2774.337,-74.038,1318.279,0.000,0.000,44.900);
CreateDynamicObject(19806,2778.059,-71.548,1321.059,0.000,0.000,0.000);
CreateDynamicObject(19814,2786.844,-75.453,1318.199,0.000,0.000,178.199);
CreateDynamicObject(19461,2776.645,-63.518,1315.691,90.299,0.000,0.000);
CreateDynamicObject(19461,2779.702,-63.541,1315.681,89.800,0.000,0.000);
CreateDynamicObject(19415,2778.157,-63.550,1320.487,0.000,-92.600,90.199);
CreateDynamicObject(19824,2787.445,-69.664,1319.709,0.000,0.000,0.000);
// ~~
