CreateDynamicObject(967, 782.57123, -1328.00073, 12.38281,   0.00000, 0.00000, 90.00000);
CreateDynamicObject(966, 774.39227, -1385.45898, 12.39063,   0.00000, 0.00000, 180.00000);
CreateDynamicObject(3458, 783.24078, -1352.52173, 14.06661,   0.00000, 0.00000, 90.00000);
CreateDynamicObject(3458, 752.94391, -1333.20276, 14.05860,   0.00000, 0.00000, 180.00000);
CreateDynamicObject(1536, 754.68427, -1364.57202, 12.63169,   0.00000, 0.00000, 90.00000);
CreateDynamicObject(3928, 739.82123, -1375.25842, 24.71580,   0.00000, 0.00000, 0.00000);
CreateDynamicObject(640, 771.34369, -1329.38831, 13.21687,   0.00000, 0.00000, 90.00000);
CreateDynamicObject(640, 765.99353, -1329.38831, 13.21687,   0.00000, 0.00000, 90.00000);
CreateDynamicObject(640, 760.62292, -1329.38831, 13.21687,   0.00000, 0.00000, 90.00000);
CreateDynamicObject(640, 755.26239, -1329.38831, 13.21687,   0.00000, 0.00000, 90.00000);
CreateDynamicObject(640, 749.89233, -1329.38831, 13.21687,   0.00000, 0.00000, 90.00000);
CreateDynamicObject(640, 744.52191, -1329.38831, 13.21687,   0.00000, 0.00000, 90.00000);
CreateDynamicObject(640, 739.15179, -1329.38831, 13.21687,   0.00000, 0.00000, 90.00000);
CreateDynamicObject(640, 733.78162, -1329.38831, 13.21687,   0.00000, 0.00000, 90.00000);
CreateDynamicObject(640, 784.81439, -1329.38831, 13.21687,   0.00000, 0.00000, 90.00000);
CreateDynamicObject(640, 787.82434, -1331.70972, 13.21687,   0.00000, 0.00000, 180.00000);
CreateDynamicObject(640, 787.82434, -1337.06006, 13.21687,   0.00000, 0.00000, 180.00000);
CreateDynamicObject(640, 787.82434, -1342.42139, 13.21687,   0.00000, 0.00000, 180.00000);
CreateDynamicObject(640, 787.82434, -1347.77136, 13.21687,   0.00000, 0.00000, 180.00000);
CreateDynamicObject(640, 787.82434, -1353.13159, 13.21687,   0.00000, 0.00000, 180.00000);
CreateDynamicObject(640, 787.82434, -1358.50208, 13.21687,   0.00000, 0.00000, 180.00000);
CreateDynamicObject(966, 781.28296, -1329.30444, 12.39063,   0.00000, 0.00000, 0.00000);
CreateDynamicObject(640, 787.82434, -1363.86218, 13.21687,   0.00000, 0.00000, 180.00000);
CreateDynamicObject(640, 787.82434, -1369.23267, 13.21687,   0.00000, 0.00000, 180.00000);
CreateDynamicObject(640, 787.82434, -1374.59314, 13.27687,   1.20000, 0.00000, 180.00000);
CreateDynamicObject(640, 787.82434, -1379.91296, 13.38829,   1.20000, 0.00000, 180.00000);
CreateDynamicObject(640, 787.83435, -1383.03345, 13.45363,   1.20000, 0.00000, 180.00000);
CreateDynamicObject(640, 784.72559, -1385.36169, 13.40700,   0.00000, 0.00000, 90.00000);
CreateDynamicObject(967, 774.18121, -1386.80249, 12.43483,   720.00000, 2160.00000, 990.00000);
CreateDynamicObject(640, 770.88507, -1385.36169, 13.40700,   0.00000, 0.00000, 90.00000);
CreateDynamicObject(640, 765.54492, -1385.36169, 13.40700,   0.00000, 0.00000, 90.00000);
CreateDynamicObject(640, 760.19495, -1385.36169, 13.40700,   0.00000, 0.00000, 90.00000);
CreateDynamicObject(640, 754.82489, -1385.36169, 13.40700,   0.00000, 0.00000, 90.00000);
CreateDynamicObject(3928, 739.82123, -1365.42834, 24.71580,   0.00000, 0.00000, 0.00000);