CreateDynamicObject(1098, 1073.55, -885.86, 42.86,   0.00, 0.00, 184.00);
CreateDynamicObject(1097, 1073.55, -887.07, 42.85,   0.00, 0.00, 180.00);
CreateDynamicObject(1096, 1073.53, -888.30, 42.86,   0.00, 0.00, 180.00);
CreateDynamicObject(1085, 1073.57, -888.31, 44.07,   0.00, 0.00, 180.50);
CreateDynamicObject(1084, 1073.58, -888.31, 45.22,   0.00, 0.00, 180.00);
CreateDynamicObject(1083, 1073.60, -887.07, 44.01,   0.00, 0.00, 175.75);
CreateDynamicObject(1081, 1073.62, -885.86, 44.04,   0.00, 0.00, 180.00);
CreateDynamicObject(1082, 1073.55, -887.08, 45.21,   0.00, 0.00, 180.25);
CreateDynamicObject(1080, 1073.59, -885.88, 45.20,   0.00, 0.00, 183.50);
CreateDynamicObject(1079, 1073.55, -884.68, 42.89,   0.00, 0.00, 180.00);
CreateDynamicObject(1078, 1073.60, -884.67, 44.04,   0.00, 0.00, 181.00);
CreateDynamicObject(1077, 1073.58, -884.66, 45.19,   0.00, 0.00, 180.00);
CreateDynamicObject(1076, 1073.59, -883.48, 42.86,   0.00, 0.00, 180.00);
CreateDynamicObject(1075, 1073.53, -883.47, 44.02,   0.00, 0.00, 179.75);
CreateDynamicObject(1074, 1073.54, -883.49, 45.16,   0.00, 0.00, 180.00);
CreateDynamicObject(1073, 1072.88, -889.51, 45.34,   0.00, 0.00, 93.25);
CreateDynamicObject(1025, 1072.85, -889.54, 44.18,   0.00, 0.00, 90.00);
CreateDynamicObject(4853, 1068.84, -870.24, 43.80,   0.00, 0.00, 90.00);
CreateDynamicObject(10831, 1045.07, -868.23, 45.86,   0.00, 358.99, 0.00);
CreateDynamicObject(927, 1073.63, -902.37, 43.72,   359.50, 359.75, 269.75);
CreateDynamicObject(14584, 1142.71, -843.00, 44.38,   1.00, 359.25, 2.26);
CreateDynamicObject(944, 1073.76, -870.95, 43.33,   1.75, 1.75, 359.95);
CreateDynamicObject(942, 1069.02, -866.36, 44.65,   1.75, 0.00, 5.00);
CreateDynamicObject(939, 1072.61, -896.00, 43.21,   0.00, 0.00, 270.25);
CreateDynamicObject(935, 1073.09, -889.10, 43.00,   0.00, 0.00, 0.00);
CreateDynamicObject(923, 1073.60, -871.04, 44.78,   0.00, 358.00, 181.25);
CreateDynamicObject(3066, 1008.00, -895.35, 42.30,   0.25, 0.00, 1.50);
CreateDynamicObject(3052, 1072.25, -895.99, 43.74,   0.00, 0.00, 37.25);
CreateDynamicObject(3016, 1073.40, -876.18, 43.33,   0.00, 0.00, 50.00);
CreateDynamicObject(3015, 1072.31, -921.07, 44.09,   0.00, 0.00, 296.50);
CreateDynamicObject(3014, 1072.47, -919.71, 42.68,   0.00, 0.00, 10.00);
CreateDynamicObject(3013, 1072.52, -916.59, 42.61,   0.00, 0.00, 336.00);
CreateDynamicObject(2991, 1064.78, -904.59, 42.78,   0.00, 2.00, 179.99);
CreateDynamicObject(2973, 1017.67, -923.76, 43.88,   0.00, 0.00, 99.00);
CreateDynamicObject(2969, 1067.74, -913.41, 43.42,   358.00, 0.00, 350.00);
CreateDynamicObject(2062, 1055.26, -923.76, 42.37,   0.00, 0.00, 0.00);
CreateDynamicObject(2062, 1060.18, -923.43, 42.51,   0.00, 0.00, 0.00);
CreateDynamicObject(925, 1067.21, -877.50, 43.25,   0.00, 0.00, 88.25);
CreateDynamicObject(930, 1072.76, -905.21, 42.87,   0.00, 0.00, 0.00);
CreateDynamicObject(964, 1071.91, -912.86, 42.39,   0.00, 0.00, 271.00);
CreateDynamicObject(931, 1067.09, -913.81, 43.16,   0.00, 0.00, 179.99);
CreateDynamicObject(1362, 1073.22, -891.15, 42.99,   0.00, 0.00, 0.00);
CreateDynamicObject(1431, 1066.10, -896.04, 44.18,   0.00, 0.00, 258.00);
CreateDynamicObject(2039, 1069.24, -892.91, 43.31,   0.00, 0.00, 54.00);
CreateDynamicObject(2038, 1073.62, -889.20, 43.89,   0.00, 0.00, 270.00);
CreateDynamicObject(2040, 1066.55, -875.99, 43.23,   0.00, 0.00, 60.00);
CreateDynamicObject(2041, 1073.11, -908.47, 43.49,   0.00, 0.00, 316.00);
CreateDynamicObject(2042, 1070.30, -890.16, 42.47,   0.00, 0.00, 142.00);
CreateDynamicObject(2043, 1101.51, -859.39, 44.09,   0.00, 0.00, 79.75);
CreateDynamicObject(2358, 1064.55, -912.63, 44.19,   0.00, 359.75, 355.50);
CreateDynamicObject(2359, 1072.67, -911.29, 42.63,   0.00, 0.00, 97.50);
CreateDynamicObject(2464, 1072.45, -917.43, 44.18,   0.00, 0.00, 70.00);
CreateDynamicObject(2465, 1072.89, -919.69, 45.87,   0.00, 0.00, 260.00);
CreateDynamicObject(2466, 1072.54, -916.51, 44.97,   0.00, 0.00, 232.00);
CreateDynamicObject(2476, 1072.74, -919.59, 43.95,   0.00, 0.00, 264.00);
CreateDynamicObject(2477, 1065.41, -866.50, 43.51,   0.00, 0.00, 358.00);
CreateDynamicObject(2478, 1033.11, -922.21, 41.61,   0.00, 0.00, 36.75);
CreateDynamicObject(2479, 1033.51, -925.40, 41.42,   0.00, 0.00, 114.75);
CreateDynamicObject(2483, 1072.82, -917.96, 43.41,   0.00, 0.00, 246.75);
CreateDynamicObject(2567, 1022.97, -929.38, 43.13,   359.25, 0.00, 9.75);
CreateDynamicObject(2654, 1062.56, -904.50, 42.22,   0.00, 0.00, 0.00);
CreateDynamicObject(2669, 1018.98, -923.68, 42.55,   0.00, 0.00, 98.00);
CreateDynamicObject(2679, 1021.53, -922.55, 42.41,   0.00, 0.00, 190.00);
CreateDynamicObject(2678, 1021.73, -924.04, 42.41,   0.00, 0.00, 0.00);
CreateDynamicObject(2694, 1064.83, -905.28, 43.51,   2.00, 357.75, 310.33);
CreateDynamicObject(3569, 1078.96, -924.69, 44.53,   359.25, 3.50, 270.29);
CreateDynamicObject(3576, 1067.17, -896.07, 43.64,   0.00, 0.00, 179.99);
CreateDynamicObject(3577, 1063.60, -896.20, 42.90,   0.00, 0.00, 179.99);
CreateDynamicObject(3633, 1072.91, -879.31, 42.88,   0.00, 0.00, 0.00);
CreateDynamicObject(3632, 1066.56, -875.87, 42.63,   0.00, 0.00, 0.00);
CreateDynamicObject(3761, 1072.72, -918.94, 44.39,   0.00, 0.00, 180.75);
CreateDynamicObject(3798, 1064.87, -913.43, 42.08,   0.00, 1.75, 182.00);
CreateDynamicObject(3799, 1020.89, -926.81, 41.10,   0.00, 0.00, 358.75);
CreateDynamicObject(3799, 1020.93, -926.81, 43.33,   0.00, 0.00, 178.74);
CreateDynamicObject(9589, 1055.12, -857.72, 45.04,   358.25, 0.00, 89.25);
CreateDynamicObject(3882, 1019.77, -924.45, 42.19,   0.00, 0.00, 190.00);
CreateDynamicObject(1431, 1022.89, -926.42, 41.73,   1.75, 0.00, 272.99);
CreateDynamicObject(9193, 1004.72, -942.14, 51.91,   0.00, 0.00, 110.00);
CreateDynamicObject(3927, 1064.05, -904.64, 42.77,   0.00, 358.49, 0.25);
CreateDynamicObject(2691, 1073.64, -892.54, 45.87,   0.00, 0.00, 270.50);
CreateDynamicObject(2695, 1068.85, -912.94, 44.85,   0.25, 0.00, 180.00);
CreateDynamicObject(2696, 1068.84, -876.36, 44.95,   0.00, 0.00, 180.00);
CreateDynamicObject(2697, 1045.22, -882.08, 47.68,   0.00, 269.00, 0.00);
CreateDynamicObject(1233, 1040.43, -882.17, 42.68,   0.00, 359.25, 0.00);
CreateDynamicObject(1322, 1073.73, -885.85, 45.49,   0.25, 0.75, 180.00);
CreateDynamicObject(1443, 1099.41, -922.43, 43.01,   0.00, 0.00, 19.75);
CreateDynamicObject(2587, 1072.94, -904.80, 44.74,   0.00, 0.00, 0.00);
CreateDynamicObject(2588, 1093.55, -922.20, 44.77,   0.00, 0.00, 0.00);
CreateDynamicObject(2599, 1072.37, -904.22, 44.74,   15.25, 0.26, 269.93);
CreateDynamicObject(2684, 1017.96, -922.81, 42.15,   270.50, 180.00, 153.50);
CreateDynamicObject(7520, 1051.44, -926.30, 41.75,   0.00, 0.50, 188.24);
CreateDynamicObject(10282, 1068.31, -908.60, 43.43,   0.00, 0.00, 270.00);
CreateDynamicObject(964, 1064.91, -912.41, 41.49,   359.50, 1.50, 101.01);
CreateDynamicObject(3927, 1067.15, -875.44, 42.41,   0.00, 0.00, 274.74);
CreateDynamicObject(3927, 1065.96, -904.64, 42.82,   0.00, 358.75, 0.00);
CreateDynamicObject(11292, 1100.78, -861.35, 43.89,   0.00, 0.00, 14.75);
CreateDynamicObject(11393, 1063.28, -875.68, 43.84,   0.00, 0.00, 179.75);
CreateDynamicObject(14826, 1054.87, -869.25, 43.09,   0.00, 4.00, 210.00);
CreateDynamicObject(3458, 1047.39, -925.28, 45.17,   0.00, 359.75, 7.00);
CreateDynamicObject(11392, 1056.56, -912.89, 41.82,   358.25, 0.75, 90.02);
CreateDynamicObject(11391, 1035.52, -863.03, 43.70,   0.00, 0.00, 304.25);
CreateDynamicObject(11393, 1041.94, -927.35, 43.00,   0.00, 359.25, 6.25);
CreateDynamicObject(10244, 1078.27, -870.04, 44.10,   0.00, 0.00, 180.25);
CreateDynamicObject(4724, 1077.62, -877.85, 49.56,   0.00, 0.00, 90.00);
CreateDynamicObject(1411, 1117.34, -855.34, 56.61,   9.35, 0.00, 2.88);
CreateDynamicObject(1411, 1117.31, -854.81, 53.56,   10.64, 180.26, 3.08);
CreateDynamicObject(1411, 1111.89, -854.82, 54.21,   10.63, 178.22, 5.20);
CreateDynamicObject(1411, 1111.85, -855.42, 57.31,   11.35, 357.70, 5.07);
CreateDynamicObject(1411, 1106.84, -856.91, 56.53,   11.35, 357.70, 17.32);
CreateDynamicObject(1411, 1106.77, -856.33, 53.46,   10.63, 178.22, 17.20);
CreateDynamicObject(1411, 1101.65, -858.02, 55.76,   11.35, 357.70, 17.31);
CreateDynamicObject(1411, 1101.60, -857.43, 52.68,   10.88, 177.70, 17.30);
CreateDynamicObject(18074, 1164.89, -872.29, 43.96,   10.00, 0.00, 3.75);
CreateDynamicObject(3497, 1073.50, -891.10, 44.90,   0.00, 0.00, 90.00);
CreateDynamicObject(2740, 1030.26, -920.51, 45.51,   0.00, 0.00, 0.00);
CreateDynamicObject(2479, 1065.90, -875.86, 42.30,   0.00, 0.00, 270.00);
CreateDynamicObject(2479, 1065.91, -877.34, 42.30,   0.00, 0.00, 260.00);
CreateDynamicObject(2289, 1019.12, -922.30, 43.09,   0.00, 0.00, 7.25);
CreateDynamicObject(2196, 1018.01, -922.91, 42.10,   0.00, 0.00, 292.00);
CreateDynamicObject(2074, 1049.35, -874.11, 48.99,   0.00, 0.00, 0.00);
CreateDynamicObject(1893, 1068.75, -888.34, 46.39,   0.00, 0.00, 270.00);
CreateDynamicObject(1893, 1068.76, -908.35, 46.37,   0.00, 0.00, 270.00);
CreateDynamicObject(1710, 1038.29, -925.95, 41.29,   0.00, 0.00, 189.00);
CreateDynamicObject(1712, 1036.22, -921.44, 41.33,   0.00, 0.00, 322.00);
CreateDynamicObject(2063, 1073.37, -876.19, 43.25,   0.00, 0.00, 270.00);
CreateDynamicObject(2208, 1034.65, -923.74, 41.06,   359.75, 358.49, 342.99);
CreateDynamicObject(14493, 1063.04, -866.41, 44.67,   0.00, 0.00, 2.25);
CreateDynamicObject(16154, 1103.88, -861.35, 42.59,   0.00, 0.00, 193.00);
CreateDynamicObject(3027, 1035.09, -927.85, 42.34,   0.00, 90.00, 92.75);
CreateDynamicObject(2967, 1072.94, -910.43, 43.96,   358.50, 0.00, 226.00);
CreateDynamicObject(2961, 1068.84, -876.36, 43.83,   0.00, 0.00, 180.00);
CreateDynamicObject(1337, 1073.22, -878.10, 43.02,   0.00, 0.00, 346.25);
CreateDynamicObject(2958, 1039.76, -927.25, 42.68,   358.08, 343.99, 113.45);
CreateDynamicObject(2680, 1073.06, -874.87, 43.54,   0.00, 0.00, 242.00);
CreateDynamicObject(2611, 1067.23, -875.18, 43.33,   0.00, 0.00, 95.00);
CreateDynamicObject(2351, 1067.64, -905.25, 42.30,   272.00, 0.00, 253.75);
CreateDynamicObject(2351, 1068.54, -905.36, 42.30,   272.00, 0.00, 83.75);
CreateDynamicObject(2056, 1038.82, -928.10, 43.32,   0.00, 0.00, 190.00);
CreateDynamicObject(1686, 1002.23, -937.01, 41.29,   0.00, 0.00, 278.00);
CreateDynamicObject(1686, 999.02, -937.37, 41.26,   0.00, 0.00, 278.00);
CreateDynamicObject(1513, 1073.52, -909.90, 42.69,   0.00, 0.00, 268.75);
CreateDynamicObject(1886, 1002.05, -909.13, 44.43,   17.95, 355.79, 131.30);
CreateDynamicObject(2484, 1072.12, -894.14, 45.25,   0.00, 0.00, 50.75);
CreateDynamicObject(2485, 1069.08, -866.91, 44.23,   0.00, 0.00, 350.00);
CreateDynamicObject(2543, 1073.51, -903.86, 40.83,   0.00, 0.00, 291.00);
CreateDynamicObject(2626, 1069.23, -892.57, 42.72,   0.00, 0.00, 270.00);
CreateDynamicObject(14678, 1074.16, -916.74, 43.95,   0.00, 0.00, 5.00);
CreateDynamicObject(2843, 1037.41, -924.36, 41.36,   0.00, 356.00, 0.00);
CreateDynamicObject(2846, 1096.60, -862.12, 42.68,   0.00, 0.00, 0.00);
CreateDynamicObject(1455, 1066.69, -875.74, 43.17,   0.00, 0.00, 134.00);
CreateDynamicObject(1487, 1073.34, -877.05, 44.25,   0.00, 0.00, 0.50);
CreateDynamicObject(1510, 1036.71, -924.27, 41.99,   0.75, 357.50, 359.03);
CreateDynamicObject(1512, 1037.01, -924.52, 42.14,   0.00, 358.00, 348.00);
CreateDynamicObject(1551, 1034.57, -928.00, 42.53,   0.00, 0.00, 342.00);
CreateDynamicObject(1667, 1037.34, -924.30, 42.09,   0.00, 358.00, 346.00);
CreateDynamicObject(1485, 1036.83, -924.09, 42.01,   0.00, 0.00, 246.50);
CreateDynamicObject(2479, 1073.06, -870.56, 42.30,   358.00, 358.00, 191.18);
CreateDynamicObject(1736, 1102.15, -862.19, 44.62,   0.00, 0.00, 190.00);
CreateDynamicObject(1808, 1073.43, -899.13, 42.38,   0.00, 0.00, 270.00);
CreateDynamicObject(2002, 1097.49, -863.49, 42.69,   0.00, 0.00, 106.00);
CreateDynamicObject(2596, 1073.34, -882.12, 45.29,   2.00, 360.00, 270.00);
CreateDynamicObject(2816, 1060.13, -873.63, 43.15,   0.00, 0.00, 115.50);
CreateDynamicObject(2824, 1073.17, -907.73, 43.30,   0.00, 0.00, 270.00);
CreateDynamicObject(2827, 1072.34, -921.19, 43.24,   0.00, 0.00, 81.25);
CreateDynamicObject(2855, 1072.23, -918.82, 44.02,   0.00, 0.00, 330.00);
CreateDynamicObject(16377, 1104.02, -858.87, 43.66,   0.00, 0.00, 137.50);
CreateDynamicObject(14705, 1104.38, -861.49, 44.23,   0.00, 0.00, 185.00);
CreateDynamicObject(1711, 1032.85, -923.94, 41.24,   0.00, 0.00, 100.00);
CreateDynamicObject(2062, 1006.33, -896.07, 41.92,   0.00, 0.00, 0.00);
CreateDynamicObject(2342, 1034.88, -923.72, 42.04,   0.00, 0.00, 40.00);
CreateDynamicObject(1558, 1063.32, -913.31, 42.57,   2.00, 0.00, 270.00);
CreateDynamicObject(918, 1073.31, -905.83, 42.76,   0.00, 0.00, 240.00);
CreateDynamicObject(1676, 1008.99, -936.16, 42.83,   0.00, 0.00, 6.00);
CreateDynamicObject(1676, 1006.25, -936.45, 42.80,   0.00, 0.00, 6.00);
CreateDynamicObject(1985, 1079.64, -869.38, 45.18,   0.00, 0.00, 0.00);
CreateDynamicObject(1344, 1067.19, -923.34, 43.02,   0.00, 0.00, 182.50);
CreateDynamicObject(1448, 1068.81, -923.63, 42.68,   61.92, 355.74, 191.74);
CreateDynamicObject(1440, 1070.30, -924.64, 42.66,   0.00, 0.00, 98.00);
CreateDynamicObject(3088, 1071.77, -923.04, 43.48,   3.75, 1.75, 0.39);
CreateDynamicObject(3087, 1071.97, -926.25, 43.17,   356.00, 0.00, 180.00);
CreateDynamicObject(1211, 1070.73, -923.24, 42.75,   0.00, 0.00, 353.50);
CreateDynamicObject(1215, 999.12, -909.50, 41.77,   0.00, 0.00, 0.00);
CreateDynamicObject(1244, 1073.21, -912.21, 43.19,   0.00, 0.00, 0.00);
CreateDynamicObject(2718, 1065.26, -923.32, 45.91,   0.00, 0.00, 188.00);
CreateDynamicObject(1643, 1059.23, -868.10, 46.89,   0.00, 89.25, 0.00);
CreateDynamicObject(2669, 1064.16, -891.69, 40.92,   1.00, 358.99, 91.26);
CreateDynamicObject(2669, 1064.75, -900.56, 40.85,   359.25, 359.75, 90.24);
CreateDynamicObject(2669, 1065.00, -908.67, 40.77,   357.74, 359.74, 90.48);
CreateDynamicObject(1448, 1064.12, -875.62, 44.90,   1.00, 358.75, 303.76);
CreateDynamicObject(3576, 1064.91, -887.63, 43.78,   0.50, 0.50, 1.24);
CreateDynamicObject(1558, 1075.04, -871.11, 44.42,   1.00, 4.00, 357.68);
CreateDynamicObject(2670, 1035.38, -925.14, 41.42,   0.25, 0.75, 186.25);
CreateDynamicObject(1329, 1034.34, -927.37, 41.72,   0.25, 0.00, 203.99);
CreateDynamicObject(2670, 1067.88, -922.53, 42.27,   0.24, 0.74, 184.24);
CreateDynamicObject(2670, 1061.89, -867.94, 42.37,   359.74, 358.49, 206.24);
CreateDynamicObject(14782, 1097.78, -860.34, 43.65,   0.00, 0.00, 14.00);
CreateDynamicObject(3798, 1095.22, -861.70, 42.35,   0.00, 359.75, 285.50);
CreateDynamicObject(3798, 1095.20, -861.69, 44.35,   0.00, 359.24, 16.25);
CreateDynamicObject(1448, 1094.07, -860.79, 43.05,   359.39, 100.23, 284.30);
CreateDynamicObject(1448, 1094.04, -860.79, 44.15,   78.74, 3.83, 11.50);
CreateDynamicObject(2120, 1098.79, -860.17, 43.32,   0.00, 0.00, 101.50);
CreateDynamicObject(850, 1112.98, -868.19, 42.28,   0.75, 0.00, 305.00);
CreateDynamicObject(3119, 1038.79, -926.71, 41.71,   0.00, 0.00, 301.25);
CreateDynamicObject(1558, 1063.27, -887.13, 43.29,   0.25, 0.00, 271.25);
CreateDynamicObject(937, 1068.79, -887.05, 42.68,   0.00, 0.00, 270.00);
CreateDynamicObject(937, 1068.79, -888.96, 42.65,   0.00, 0.00, 270.00);
CreateDynamicObject(1115, 1073.12, -918.72, 43.90,   24.00, 0.00, 72.50);
CreateDynamicObject(1112, 1072.21, -916.30, 44.00,   7.99, 2.02, 335.71);
CreateDynamicObject(1100, 1063.68, -907.23, 42.82,   18.00, 0.00, 4.00);
CreateDynamicObject(1045, 1068.18, -915.46, 42.78,   2.00, 0.00, 203.25);
CreateDynamicObject(1021, 1073.53, -907.02, 42.44,   0.00, 0.00, 238.00);
CreateDynamicObject(2798, 1063.19, -904.81, 43.54,   34.00, 180.00, 180.00);
CreateDynamicObject(1193, 1064.60, -904.32, 43.54,   344.01, 2.08, 189.07);
CreateDynamicObject(1186, 1064.70, -904.87, 43.57,   329.76, 358.26, 2.38);
CreateDynamicObject(1003, 1067.22, -897.07, 43.63,   0.00, 359.00, 186.50);
CreateDynamicObject(1008, 1064.02, -897.04, 43.70,   0.00, 0.00, 330.00);
CreateDynamicObject(1008, 1067.06, -875.04, 43.50,   0.00, 90.00, 172.00);
CreateDynamicObject(1049, 1068.62, -887.99, 43.15,   357.75, 0.00, 286.00);
CreateDynamicObject(1033, 1074.67, -892.04, 44.86,   0.50, 356.50, 184.78);
CreateDynamicObject(1034, 1064.20, -894.40, 44.20,   0.00, 358.99, 305.75);
CreateDynamicObject(1260, 1105.90, -866.52, 38.38,   0.00, 0.00, 9.74);
CreateDynamicObject(2672, 1034.80, -922.60, 41.60,   1.25, 358.25, 49.29);
CreateDynamicObject(2673, 1037.05, -923.16, 41.48,   0.00, 0.00, 340.00);
CreateDynamicObject(2676, 1073.99, -903.10, 42.49,   0.00, 0.00, 244.75);
CreateDynamicObject(994, 1001.82, -901.16, 41.26,   358.74, 359.99, 179.49);
CreateDynamicObject(1411, 1096.27, -859.20, 53.31,   11.35, 357.70, 14.31);
CreateDynamicObject(1411, 1091.01, -860.65, 53.16,   11.35, 357.70, 15.06);
CreateDynamicObject(1411, 1085.69, -862.13, 53.26,   11.35, 357.70, 15.06);
CreateDynamicObject(1411, 1080.57, -863.39, 53.41,   11.35, 357.70, 12.81);
CreateDynamicObject(1411, 1075.34, -864.16, 53.28,   11.35, 357.70, 4.80);
CreateDynamicObject(1411, 1070.01, -864.57, 53.41,   11.36, 359.74, 2.90);
CreateDynamicObject(1411, 1064.74, -864.77, 53.51,   11.35, 359.74, 2.89);
CreateDynamicObject(1411, 1059.34, -865.20, 53.73,   11.35, 359.74, 2.89);
CreateDynamicObject(1411, 1054.23, -866.39, 53.73,   11.35, 359.74, 24.89);
CreateDynamicObject(1411, 1049.81, -869.29, 53.31,   11.32, 355.65, 35.69);
CreateDynamicObject(1411, 1045.97, -872.06, 52.76,   11.32, 355.65, 38.44);
CreateDynamicObject(1411, 1041.92, -875.36, 51.91,   11.28, 353.60, 38.08);
CreateDynamicObject(1411, 1037.58, -878.94, 50.98,   11.09, 347.50, 41.27);
CreateDynamicObject(1411, 1033.08, -881.72, 50.23,   11.32, 355.64, 27.44);
CreateDynamicObject(1411, 1028.24, -883.78, 50.03,   11.34, 357.68, 21.03);
CreateDynamicObject(1411, 1023.27, -885.73, 49.91,   17.33, 357.61, 18.78);
CreateDynamicObject(1411, 1018.19, -887.26, 50.01,   17.33, 357.61, 16.78);
CreateDynamicObject(1411, 1012.98, -888.36, 49.98,   17.34, 358.65, 7.21);
CreateDynamicObject(1411, 1007.67, -888.82, 49.88,   17.33, 359.69, 2.65);
CreateDynamicObject(1411, 1002.38, -889.08, 49.86,   17.33, 359.69, 2.65);
CreateDynamicObject(1411, 997.06, -889.36, 49.71,   17.33, 359.69, 2.65);
CreateDynamicObject(1226, 1014.10, -890.09, 42.82,   0.00, 0.00, 100.00);
CreateDynamicObject(1226, 1022.27, -887.69, 42.82,   0.00, 0.00, 102.50);
CreateDynamicObject(1226, 1031.77, -884.41, 42.82,   0.00, 0.00, 102.50);
CreateDynamicObject(1958, 1068.77, -889.44, 43.18,   0.00, 0.00, 300.00);
CreateDynamicObject(14813, 1022.31, -927.60, 41.74,   0.00, 359.50, 98.75);
CreateDynamicObject(1431, 1023.52, -927.90, 41.73,   359.50, 359.75, 186.49);
CreateDynamicObject(1214, 1020.58, -928.51, 41.20,   0.00, 0.00, 0.00);
CreateDynamicObject(14805, 1091.60, -865.10, 43.00,   0.00, 0.00, 281.75);
CreateDynamicObject(2571, 1093.22, -863.12, 42.25,   0.00, 0.00, 280.00);