//Estacao Unity
CreateDynamicObject(983, 1700.16699, -1861.09033, 13.24770,   0.00000, 0.00000, 0.00000);
CreateDynamicObject(983, 1700.18542, -1869.26343, 13.24770,   0.00000, 0.00000, 0.00000);
CreateDynamicObject(983, 1700.62610, -1847.30151, 13.24770,   0.00000, 0.00000, 0.00000);
CreateDynamicObject(983, 1700.61694, -1835.13818, 10.63040,   270.00000, 0.00000, 0.25594);
CreateDynamicObject(983, 1700.62366, -1840.65283, 13.24770,   0.00000, 0.00000, 0.00000);
//============================= Interiores das casas ===========================
CreateDynamicObject(14717, 410.42529, 1689.03076, 661.14990,   0.00000, 0.00000, 0.00000);
CreateDynamicObject(14713, 419.07544, 1606.10449, 659.39374,   0.00000, 0.00000, 0.00000);
CreateDynamicObject(14712, 404.75720, 1522.81848, 658.18738,   0.00000, 0.00000, 0.00000);
CreateDynamicObject(14711, 521.74866, 1566.45605, 656.58105,   0.00000, 0.00000, 0.00000);
CreateDynamicObject(14701, 673.81982, 1619.98486, 656.04376,   0.00000, 0.00000, 0.00000);
