RemoveBuildingForPlayer(playerid, 713, 1807.5156, -1625.8828, 12.7031, 0.25);
CreateObject(6959, 1791.03552, -1641.59741, 12.63155,   0.00000, 0.00000, 0.00000);
CreateObject(19076, 1806.57959, -1637.58264, 12.56595,   0.00000, 0.00000, 0.12572);
CreateObject(19054, 1806.98132, -1636.35461, 13.14374,   0.00000, 0.00000, 0.00000);
CreateObject(19058, 1806.80054, -1638.50720, 13.09558,   0.00000, 0.00000, 0.00000);
CreateObject(19056, 1807.77576, -1637.38208, 13.14551,   0.00000, 0.00000, 0.00000);
CreateObject(19057, 1805.85364, -1637.28967, 12.99714,   0.00000, 0.00000, 0.00000);
CreateObject(19056, 1806.73425, -1625.00452, 13.30811,   0.00000, 0.00000, 0.00000);
CreateObject(19057, 1806.53040, -1626.72009, 13.30253,   0.00000, 0.00000, 0.00000);
CreateObject(19054, 1808.08337, -1626.94763, 13.29849,   0.00000, 0.00000, 0.00000);
CreateObject(19055, 1808.53760, -1625.07849, 13.19749,   0.00000, 0.00000, 0.00000);
CreateObject(18849, 1808.98706, -1640.71936, 37.28006,   0.00000, 0.00000, 3.54889);
CreateObject(984, 1811.67249, -1628.71448, 13.17480,   0.00000, 0.00000, 0.00000);
CreateObject(984, 1811.67249, -1647.09460, 13.17480,   0.00000, 0.00000, 0.00000);
CreateObject(983, 1808.52820, -1653.50879, 13.17480,   0.00000, 0.00000, 90.00000);
CreateObject(983, 1802.10034, -1653.50610, 13.17480,   0.00000, 0.00000, 90.00000);
CreateObject(983, 1795.71948, -1653.50610, 13.17480,   0.00000, 0.00000, 90.00000);
CreateObject(982, 1798.89124, -1622.29407, 13.17480,   0.00000, 0.00000, 90.00000);
CreateObject(2773, 1812.83020, -1640.66309, 13.10960,   0.00000, 0.00000, 90.00000);
CreateObject(2773, 1812.83020, -1635.10889, 13.09360,   0.00000, 0.00000, 90.00000);
CreateObject(19315, 1802.02698, -1644.38928, 12.99120,   0.00000, 0.00000, 90.00000);
CreateObject(19315, 1805.84973, -1644.03052, 12.89859,   0.00000, 0.00000, 0.00000);
CreateObject(19315, 1801.21521, -1640.12292, 12.99959,   0.00000, 0.00000, 0.00000);
CreateObject(19315, 1809.58276, -1647.28088, 12.89430,   0.00000, 0.00000, 90.00000);
CreateObject(19315, 1804.61694, -1630.38831, 13.68750,   0.00000, 0.00000, 355.40472);
CreateObject(19315, 1807.93347, -1631.83691, 13.09840,   0.00000, 0.00000, 90.00000);
